App Name,No.,Time,Source,Destination,Protocol,Length
Teams,1,0.000000,172.30.1.250,172.30.1.1,UDP,192
Teams,2,0.811077,172.30.1.1,172.30.1.250,DNS,140
Teams,3,0.812613,172.30.1.1,172.30.1.250,DNS,140
Teams,4,0.849991,172.30.1.250,172.30.1.1,DNS,336
Teams,5,0.852273,172.30.1.1,172.30.1.250,TCP,108
Teams,6,0.854312,172.30.1.250,172.30.1.1,DNS,380
Teams,7,0.898281,172.30.1.1,172.30.1.250,TCP,108
Teams,8,0.899136,172.30.1.1,172.30.1.250,DNS,128
Teams,9,0.899987,172.30.1.1,172.30.1.250,DNS,128
Teams,10,0.900318,172.30.1.250,172.30.1.1,TCP,96
Teams,11,0.900388,172.30.1.1,172.30.1.250,TCP,88
Teams,12,0.901412,172.30.1.1,172.30.1.250,TLSv1.2,392
Teams,13,0.901608,172.30.1.250,172.30.1.1,TCP,88
Teams,14,0.902286,172.30.1.1,172.30.1.250,TCP,108
Teams,15,0.904846,172.30.1.1,172.30.1.250,DNS,132
Teams,16,0.945212,172.30.1.250,172.30.1.1,DNS,460
Teams,17,0.947542,172.30.1.250,172.30.1.1,DNS,444
Teams,18,0.958985,172.30.1.250,172.30.1.1,DNS,248
Teams,19,0.961156,172.30.1.1,172.30.1.250,TCP,108
Teams,20,0.963641,172.30.1.1,172.30.1.250,TCP,108
Teams,21,0.968423,172.30.1.250,172.30.1.1,TCP,96
Teams,22,0.968598,172.30.1.1,172.30.1.250,TCP,88
Teams,23,0.969723,172.30.1.1,172.30.1.250,TLSv1.2,384
Teams,24,0.969962,172.30.1.250,172.30.1.1,TCP,88
Teams,25,0.975675,172.30.1.250,172.30.1.1,TCP,2784
Teams,26,0.975786,172.30.1.1,172.30.1.250,TCP,88
Teams,27,0.978606,172.30.1.250,172.30.1.1,TLSv1.2,1540
Teams,28,0.978974,172.30.1.1,172.30.1.250,TCP,88
Teams,29,0.993956,172.30.1.250,172.30.1.1,TCP,96
Teams,30,0.994360,172.30.1.1,172.30.1.250,TCP,88
Teams,31,0.998759,172.30.1.1,172.30.1.250,TLSv1.2,384
Teams,32,1.001941,172.30.1.1,172.30.1.250,TLSv1.2,244
Teams,33,1.002047,172.30.1.250,172.30.1.1,TCP,88
Teams,34,1.002199,172.30.1.250,172.30.1.1,TCP,88
Teams,35,1.002258,172.30.1.250,172.30.1.1,TCP,96
Teams,36,1.002399,172.30.1.1,172.30.1.250,TCP,88
Teams,37,1.003804,172.30.1.1,172.30.1.250,TLSv1.2,604
Teams,38,1.004136,172.30.1.250,172.30.1.1,TCP,88
Teams,39,1.011450,172.30.1.1,172.30.1.250,DNS,112
Teams,40,1.017359,172.30.1.1,172.30.1.250,DNS,132
Teams,41,1.028837,172.30.1.1,172.30.1.250,DNS,132
Teams,42,1.040219,172.30.1.1,172.30.1.250,DNS,112
Teams,43,1.045106,172.30.1.1,172.30.1.250,DNS,120
Teams,44,1.055577,172.30.1.1,172.30.1.250,DNS,112
Teams,45,1.060318,172.30.1.250,172.30.1.1,UDP,192
Teams,46,1.060465,172.30.1.250,172.30.1.1,TLSv1.2,140
Teams,47,1.060579,172.30.1.250,172.30.1.1,TLSv1.2,228
Teams,48,1.060760,172.30.1.250,172.30.1.1,TLSv1.2,6216
Teams,49,1.061076,172.30.1.250,172.30.1.1,TCP,96
Teams,50,1.061225,172.30.1.250,172.30.1.1,DNS,384
Teams,51,1.066385,172.30.1.1,172.30.1.250,TCP,88
Teams,52,1.066417,172.30.1.1,172.30.1.250,TCP,88
Teams,53,1.066432,172.30.1.1,172.30.1.250,TCP,88
Teams,54,1.066463,172.30.1.1,172.30.1.250,TLSv1.2,1736
Teams,55,1.066484,172.30.1.1,172.30.1.250,TLSv1.2,140
Teams,56,1.066500,172.30.1.1,172.30.1.250,TLSv1.2,604
Teams,57,1.066812,172.30.1.250,172.30.1.1,TCP,88
Teams,58,1.066945,172.30.1.250,172.30.1.1,TCP,88
Teams,59,1.067025,172.30.1.250,172.30.1.1,TLSv1.2,228
Teams,60,1.067171,172.30.1.250,172.30.1.1,TCP,88
Teams,61,1.067216,172.30.1.250,172.30.1.1,DNS,472
Teams,62,1.067867,172.30.1.1,172.30.1.250,TLSv1.2,884
Teams,63,1.067889,172.30.1.1,172.30.1.250,TCP,88
Teams,64,1.068267,172.30.1.1,172.30.1.250,TLSv1.2,140
Teams,65,1.068347,172.30.1.250,172.30.1.1,TCP,88
Teams,66,1.068747,172.30.1.250,172.30.1.1,TCP,88
Teams,67,1.068817,172.30.1.1,172.30.1.250,TLSv1.2,244
Teams,68,1.068833,172.30.1.1,172.30.1.250,TLSv1.2,884
Teams,69,1.068888,172.30.1.250,172.30.1.1,TCP,88
Teams,70,1.068956,172.30.1.250,172.30.1.1,TCP,88
Teams,71,1.072989,172.30.1.250,172.30.1.1,DNS,344
Teams,72,1.076117,172.30.1.250,172.30.1.1,DNS,460
Teams,73,1.083490,172.30.1.1,172.30.1.250,TCP,108
Teams,74,1.090424,172.30.1.250,172.30.1.1,DNS,192
Teams,75,1.092748,172.30.1.1,172.30.1.250,TCP,108
Teams,76,1.096997,172.30.1.250,172.30.1.1,DNS,268
Teams,77,1.100151,172.30.1.1,172.30.1.250,TCP,108
Teams,78,1.100901,172.30.1.1,172.30.1.250,TCP,108
Teams,79,1.101965,172.30.1.1,172.30.1.250,TCP,108
Teams,80,1.102676,172.30.1.1,172.30.1.250,TCP,108
Teams,81,1.103312,172.30.1.1,172.30.1.250,TCP,108
Teams,82,1.104226,172.30.1.1,172.30.1.250,TCP,108
Teams,83,1.109579,172.30.1.250,172.30.1.1,UDP,192
Teams,84,1.111080,172.30.1.250,172.30.1.1,UDP,192
Teams,85,1.114131,172.30.1.250,172.30.1.1,UDP,192
Teams,86,1.119282,172.30.1.250,172.30.1.1,TLSv1.2,508
Teams,87,1.122374,172.30.1.250,172.30.1.1,TLSv1.2,892
Teams,88,1.122478,172.30.1.250,172.30.1.1,TLSv1.2,140
Teams,89,1.122543,172.30.1.250,172.30.1.1,TLSv1.2,6216
Teams,90,1.123002,172.30.1.1,172.30.1.250,TCP,88
Teams,91,1.123020,172.30.1.1,172.30.1.250,TCP,88
Teams,92,1.123592,172.30.1.1,172.30.1.250,TLSv1.2,584
Teams,93,1.123617,172.30.1.1,172.30.1.250,TLSv1.2,216
Teams,94,1.123702,172.30.1.250,172.30.1.1,TCP,88
Teams,95,1.123785,172.30.1.250,172.30.1.1,TCP,88
Teams,96,1.131237,172.30.1.1,172.30.1.250,TCP,108
Teams,97,1.133587,172.30.1.1,172.30.1.250,TCP,108
Teams,98,1.135170,172.30.1.1,172.30.1.250,TCP,108
Teams,99,1.136000,172.30.1.250,172.30.1.1,TCP,96
Teams,100,1.136444,172.30.1.250,172.30.1.1,TCP,96
Teams,101,1.136572,172.30.1.1,172.30.1.250,TCP,88
Teams,102,1.136594,172.30.1.1,172.30.1.250,TCP,88
Teams,103,1.137277,172.30.1.1,172.30.1.250,TLSv1.3,604
Teams,104,1.137526,172.30.1.250,172.30.1.1,TCP,88
Teams,105,1.138017,172.30.1.1,172.30.1.250,TLSv1.3,604
Teams,106,1.138174,172.30.1.250,172.30.1.1,TCP,88
Teams,107,1.138877,172.30.1.250,172.30.1.1,TCP,96
Teams,108,1.139012,172.30.1.1,172.30.1.250,TCP,88
Teams,109,1.139850,172.30.1.1,172.30.1.250,TLSv1.3,604
Teams,110,1.139972,172.30.1.1,172.30.1.250,TLSv1.2,244
Teams,111,1.140044,172.30.1.250,172.30.1.1,TCP,88
Teams,112,1.140127,172.30.1.250,172.30.1.1,TCP,88
Teams,113,1.141343,172.30.1.250,172.30.1.1,TCP,96
Teams,114,1.141420,172.30.1.1,172.30.1.250,TCP,88
Teams,115,1.142365,172.30.1.1,172.30.1.250,TLSv1.3,816
Teams,116,1.142484,172.30.1.250,172.30.1.1,TCP,88
Teams,117,1.144722,172.30.1.250,172.30.1.1,TCP,96
Teams,118,1.144863,172.30.1.1,172.30.1.250,TCP,88
Teams,119,1.144901,172.30.1.250,172.30.1.1,TCP,96
Teams,120,1.145021,172.30.1.1,172.30.1.250,TCP,88
Teams,121,1.147359,172.30.1.1,172.30.1.250,TLSv1.3,604
Teams,122,1.147546,172.30.1.1,172.30.1.250,TLSv1.3,816
Teams,123,1.147735,172.30.1.250,172.30.1.1,TCP,88
Teams,124,1.147865,172.30.1.250,172.30.1.1,TCP,88
Teams,125,1.155446,172.30.1.250,172.30.1.1,TCP,96
Teams,126,1.155647,172.30.1.1,172.30.1.250,TCP,88
Teams,127,1.157059,172.30.1.1,172.30.1.250,TLSv1.2,604
Teams,128,1.157211,172.30.1.250,172.30.1.1,TCP,88
Teams,129,1.170347,172.30.1.250,172.30.1.1,TLSv1.2,440
Teams,130,1.172717,172.30.1.250,172.30.1.1,TCP,96
Teams,131,1.172822,172.30.1.1,172.30.1.250,TCP,88
Teams,132,1.175678,172.30.1.1,172.30.1.250,TLSv1.3,604
Teams,133,1.176021,172.30.1.250,172.30.1.1,TCP,88
Teams,134,1.176093,172.30.1.250,172.30.1.1,TLSv1.3,188
Teams,135,1.176261,172.30.1.250,172.30.1.1,TCP,96
Teams,136,1.176391,172.30.1.1,172.30.1.250,TCP,88
Teams,137,1.176408,172.30.1.1,172.30.1.250,TCP,88
Teams,138,1.176991,172.30.1.1,172.30.1.250,TLSv1.2,1788
Teams,139,1.177007,172.30.1.1,172.30.1.250,TLSv1.3,436
Teams,140,1.177436,172.30.1.250,172.30.1.1,TCP,88
Teams,141,1.177493,172.30.1.250,172.30.1.1,TCP,88
Teams,142,1.178504,172.30.1.1,172.30.1.250,TLSv1.3,604
Teams,143,1.178720,172.30.1.250,172.30.1.1,TCP,88
Teams,144,1.179367,172.30.1.250,172.30.1.1,TLSv1.3,188
Teams,145,1.179573,172.30.1.1,172.30.1.250,TCP,88
Teams,146,1.182186,172.30.1.250,172.30.1.1,TLSv1.3,188
Teams,147,1.182354,172.30.1.1,172.30.1.250,TCP,88
Teams,148,1.183093,172.30.1.1,172.30.1.250,TLSv1.3,436
Teams,149,1.183383,172.30.1.250,172.30.1.1,TCP,88
Teams,150,1.183411,172.30.1.1,172.30.1.250,TLSv1.3,436
Teams,151,1.183437,172.30.1.250,172.30.1.1,TCP,88
Teams,152,1.185151,172.30.1.250,172.30.1.1,TLSv1.2,140
Teams,153,1.185193,172.30.1.250,172.30.1.1,TLSv1.3,188
Teams,154,1.185298,172.30.1.1,172.30.1.250,TCP,88
Teams,155,1.185310,172.30.1.250,172.30.1.1,TLSv1.2,128
Teams,156,1.186084,172.30.1.1,172.30.1.250,TLSv1.3,888
Teams,157,1.186168,172.30.1.250,172.30.1.1,TCP,88
Teams,158,1.186609,172.30.1.1,172.30.1.250,TLSv1.2,584
Teams,159,1.186651,172.30.1.250,172.30.1.1,TCP,88
Teams,160,1.191589,172.30.1.250,172.30.1.1,TLSv1.3,188
Teams,161,1.192804,172.30.1.1,172.30.1.250,TCP,88
Teams,162,1.192819,172.30.1.250,172.30.1.1,TCP,96
Teams,163,1.192901,172.30.1.1,172.30.1.250,TCP,88
Teams,164,1.193887,172.30.1.1,172.30.1.250,TLSv1.3,436
Teams,165,1.193982,172.30.1.250,172.30.1.1,TCP,88
Teams,166,1.194721,172.30.1.250,172.30.1.1,TLSv1.3,188
Teams,167,1.194953,172.30.1.1,172.30.1.250,TCP,88
Teams,168,1.195501,172.30.1.1,172.30.1.250,TLSv1.2,604
Teams,169,1.195660,172.30.1.250,172.30.1.1,TCP,88
Teams,170,1.198657,172.30.1.1,172.30.1.250,TLSv1.3,888
Teams,171,1.198745,172.30.1.250,172.30.1.1,TCP,88
Teams,172,1.229460,172.30.1.1,172.30.1.250,TCP,88
Teams,173,1.232327,172.30.1.250,172.30.1.1,TLSv1.2,2760
Teams,174,1.232909,172.30.1.1,172.30.1.250,TCP,88
Teams,175,1.232933,172.30.1.250,172.30.1.1,TLSv1.2,1424
Teams,176,1.233436,172.30.1.1,172.30.1.250,TCP,88
Teams,177,1.233724,172.30.1.250,172.30.1.1,TLSv1.2,1968
Teams,178,1.237664,172.30.1.250,172.30.1.1,TCP,96
Teams,179,1.237806,172.30.1.1,172.30.1.250,TCP,88
Teams,180,1.237817,172.30.1.1,172.30.1.250,TCP,88
Teams,181,1.237850,172.30.1.250,172.30.1.1,TLSv1.3,188
Teams,182,1.237987,172.30.1.1,172.30.1.250,TCP,88
Teams,183,1.239924,172.30.1.250,172.30.1.1,TLSv1.3,6060
Teams,184,1.240069,172.30.1.250,172.30.1.1,TLSv1.3,6060
Teams,185,1.240168,172.30.1.250,172.30.1.1,TLSv1.3,380
Teams,186,1.240254,172.30.1.250,172.30.1.1,TLSv1.3,188
Teams,187,1.240462,172.30.1.1,172.30.1.250,TLSv1.2,604
Teams,188,1.240631,172.30.1.1,172.30.1.250,TCP,88
Teams,189,1.240670,172.30.1.250,172.30.1.1,TLSv1.3,1436
Teams,190,1.241145,172.30.1.250,172.30.1.1,TCP,88
Teams,191,1.241191,172.30.1.1,172.30.1.250,TLSv1.3,436
Teams,192,1.241315,172.30.1.250,172.30.1.1,TCP,88
Teams,193,1.241971,172.30.1.1,172.30.1.250,TLSv1.2,180
Teams,194,1.242034,172.30.1.250,172.30.1.1,TCP,88
Teams,195,1.242153,172.30.1.1,172.30.1.250,TLSv1.3,436
Teams,196,1.242387,172.30.1.250,172.30.1.1,TCP,88
Teams,197,1.242711,172.30.1.1,172.30.1.250,TLSv1.3,160
Teams,198,1.242763,172.30.1.250,172.30.1.1,TCP,88
Teams,199,1.243571,172.30.1.1,172.30.1.250,TLSv1.3,132
Teams,200,1.243616,172.30.1.250,172.30.1.1,TCP,88
Teams,201,1.243718,172.30.1.1,172.30.1.250,TLSv1.3,124
Teams,202,1.243741,172.30.1.250,172.30.1.1,TCP,88
Teams,203,1.243825,172.30.1.1,172.30.1.250,TLSv1.3,124
Teams,204,1.243868,172.30.1.250,172.30.1.1,TCP,88
Teams,205,1.245514,172.30.1.250,172.30.1.1,TLSv1.3,4712
Teams,206,1.246923,172.30.1.1,172.30.1.250,TCP,88
Teams,207,1.249941,172.30.1.1,172.30.1.250,TLSv1.3,2524
Teams,208,1.250082,172.30.1.250,172.30.1.1,TCP,88
Teams,209,1.250675,172.30.1.1,172.30.1.250,TLSv1.3,160
Teams,210,1.250722,172.30.1.250,172.30.1.1,TCP,88
Teams,211,1.251096,172.30.1.1,172.30.1.250,TLSv1.3,132
Teams,212,1.251115,172.30.1.250,172.30.1.1,TCP,88
Teams,213,1.251157,172.30.1.1,172.30.1.250,TLSv1.3,160
Teams,214,1.251421,172.30.1.250,172.30.1.1,TCP,88
Teams,215,1.251459,172.30.1.1,172.30.1.250,TLSv1.3,160
Teams,216,1.251495,172.30.1.250,172.30.1.1,TCP,88
Teams,217,1.252588,172.30.1.1,172.30.1.250,TLSv1.3,132
Teams,218,1.252600,172.30.1.1,172.30.1.250,TLSv1.3,184
Teams,219,1.252633,172.30.1.250,172.30.1.1,TCP,88
Teams,220,1.252674,172.30.1.250,172.30.1.1,TLSv1.2,440
Teams,221,1.253367,172.30.1.250,172.30.1.1,TCP,88
Teams,222,1.253466,172.30.1.250,172.30.1.1,TLSv1.3,6060
Teams,223,1.261435,172.30.1.1,172.30.1.250,TLSv1.3,160
Teams,224,1.261450,172.30.1.1,172.30.1.250,TLSv1.3,2356
Teams,225,1.261466,172.30.1.1,172.30.1.250,TLSv1.3,228
Teams,226,1.261540,172.30.1.250,172.30.1.1,TCP,88
Teams,227,1.261606,172.30.1.1,172.30.1.250,TLSv1.2,1788
Teams,228,1.261619,172.30.1.1,172.30.1.250,TLSv1.3,160
Teams,229,1.261668,172.30.1.250,172.30.1.1,TCP,88
Teams,230,1.261719,172.30.1.250,172.30.1.1,TCP,88
Teams,231,1.261812,172.30.1.250,172.30.1.1,TCP,88
Teams,232,1.261916,172.30.1.250,172.30.1.1,TCP,88
Teams,233,1.261960,172.30.1.250,172.30.1.1,TLSv1.3,6060
Teams,234,1.262030,172.30.1.1,172.30.1.250,TLSv1.3,724
Teams,235,1.262040,172.30.1.1,172.30.1.250,TLSv1.3,132
Teams,236,1.262055,172.30.1.250,172.30.1.1,TCP,88
Teams,237,1.262078,172.30.1.250,172.30.1.1,TCP,88
Teams,238,1.262204,172.30.1.1,172.30.1.250,TLSv1.3,124
Teams,239,1.262244,172.30.1.250,172.30.1.1,TCP,88
Teams,240,1.262385,172.30.1.1,172.30.1.250,TLSv1.3,124
Teams,241,1.262405,172.30.1.250,172.30.1.1,TCP,88
Teams,242,1.262844,172.30.1.1,172.30.1.250,TLSv1.3,112
Teams,243,1.262864,172.30.1.250,172.30.1.1,TCP,88
Teams,244,1.263169,172.30.1.1,172.30.1.250,TCP,88
Teams,245,1.263229,172.30.1.250,172.30.1.1,TCP,88
Teams,246,1.267186,172.30.1.1,172.30.1.250,TLSv1.3,600
Teams,247,1.267280,172.30.1.250,172.30.1.1,TCP,88
Teams,248,1.268989,172.30.1.250,172.30.1.1,UDP,132
Teams,249,1.269183,172.30.1.250,172.30.1.1,UDP,1308
Teams,250,1.269248,172.30.1.250,172.30.1.1,UDP,1308
Teams,251,1.269591,172.30.1.250,172.30.1.1,UDP,1308
Teams,252,1.269658,172.30.1.250,172.30.1.1,UDP,1308
Teams,253,1.269713,172.30.1.1,172.30.1.250,TLSv1.3,160
Teams,254,1.269786,172.30.1.250,172.30.1.1,TCP,88
Teams,255,1.270112,172.30.1.1,172.30.1.250,TLSv1.3,132
Teams,256,1.270136,172.30.1.250,172.30.1.1,TCP,88
Teams,257,1.270240,172.30.1.1,172.30.1.250,TLSv1.3,124
Teams,258,1.270280,172.30.1.250,172.30.1.1,TCP,88
Teams,259,1.270323,172.30.1.1,172.30.1.250,TLSv1.3,124
Teams,260,1.270340,172.30.1.250,172.30.1.1,TCP,88
Teams,261,1.273532,172.30.1.1,172.30.1.250,TLSv1.3,4876
Teams,262,1.273623,172.30.1.250,172.30.1.1,TCP,88
Teams,263,1.284524,172.30.1.250,172.30.1.1,TLSv1.3,148
Teams,264,1.285765,172.30.1.1,172.30.1.250,TLSv1.3,120
Teams,265,1.285887,172.30.1.250,172.30.1.1,TCP,88
Teams,266,1.291307,172.30.1.250,172.30.1.1,TLSv1.3,608
Teams,267,1.292217,172.30.1.250,172.30.1.1,TLSv1.3,120
Teams,268,1.292309,172.30.1.250,172.30.1.1,TLSv1.3,6060
Teams,269,1.293769,172.30.1.1,172.30.1.250,TLSv1.3,120
Teams,270,1.293860,172.30.1.250,172.30.1.1,TCP,88
Teams,271,1.293934,172.30.1.250,172.30.1.1,TLSv1.3,6060
Teams,272,1.304767,172.30.1.1,172.30.1.250,TLSv1.3,160
Teams,273,1.304888,172.30.1.250,172.30.1.1,TCP,88
Teams,274,1.305220,172.30.1.1,172.30.1.250,TLSv1.3,160
Teams,275,1.305365,172.30.1.250,172.30.1.1,TCP,88
Teams,276,1.305630,172.30.1.250,172.30.1.1,TLSv1.3,120
Teams,277,1.305992,172.30.1.1,172.30.1.250,TLSv1.3,132
Teams,278,1.306024,172.30.1.250,172.30.1.1,TCP,88
Teams,279,1.306222,172.30.1.1,172.30.1.250,TLSv1.3,132
Teams,280,1.306243,172.30.1.1,172.30.1.250,TLSv1.3,124
Teams,281,1.306312,172.30.1.250,172.30.1.1,TCP,88
Teams,282,1.306350,172.30.1.250,172.30.1.1,TCP,88
Teams,283,1.306415,172.30.1.1,172.30.1.250,TLSv1.3,124
Teams,284,1.306473,172.30.1.250,172.30.1.1,TCP,88
Teams,285,1.306724,172.30.1.1,172.30.1.250,TLSv1.3,124
Teams,286,1.306765,172.30.1.250,172.30.1.1,TCP,88
Teams,287,1.306822,172.30.1.1,172.30.1.250,TLSv1.3,112
Teams,288,1.306854,172.30.1.250,172.30.1.1,TCP,88
Teams,289,1.307014,172.30.1.1,172.30.1.250,TCP,88
Teams,290,1.307025,172.30.1.250,172.30.1.1,TCP,88
Teams,291,1.307060,172.30.1.1,172.30.1.250,TLSv1.3,124
Teams,292,1.307109,172.30.1.250,172.30.1.1,TCP,88
Teams,293,1.307574,172.30.1.1,172.30.1.250,TLSv1.3,112
Teams,294,1.307610,172.30.1.250,172.30.1.1,TCP,88
Teams,295,1.307841,172.30.1.1,172.30.1.250,TCP,88
Teams,296,1.307884,172.30.1.250,172.30.1.1,TCP,88
Teams,297,1.308287,172.30.1.250,172.30.1.1,TLSv1.3,548
Teams,298,1.308409,172.30.1.1,172.30.1.250,TCP,88
Teams,299,1.308471,172.30.1.250,172.30.1.1,TCP,88
Teams,300,1.311909,172.30.1.1,172.30.1.250,TLSv1.3,3144
Teams,301,1.312123,172.30.1.250,172.30.1.1,TCP,88
Teams,302,1.312541,172.30.1.1,172.30.1.250,TLSv1.3,3144
Teams,303,1.312608,172.30.1.250,172.30.1.1,TCP,88
Teams,304,1.321097,172.30.1.250,172.30.1.1,TLSv1.2,6288
Teams,305,1.321595,172.30.1.1,172.30.1.250,TCP,88
Teams,306,1.327002,172.30.1.250,172.30.1.1,TLSv1.2,344
Teams,307,1.328815,172.30.1.1,172.30.1.250,TLSv1.2,140
Teams,308,1.328908,172.30.1.250,172.30.1.1,TCP,88
Teams,309,1.329860,172.30.1.1,172.30.1.250,TLSv1.2,132
Teams,310,1.329896,172.30.1.250,172.30.1.1,TCP,88
Teams,311,1.330133,172.30.1.1,172.30.1.250,TLSv1.2,128
Teams,312,1.330212,172.30.1.250,172.30.1.1,TCP,88
Teams,313,1.333494,172.30.1.1,172.30.1.250,TCP,88
Teams,314,1.334262,172.30.1.1,172.30.1.250,TLSv1.2,1420
Teams,315,1.334340,172.30.1.250,172.30.1.1,TCP,88
Teams,316,1.339821,172.30.1.1,172.30.1.250,TLSv1.2,244
Teams,317,1.339938,172.30.1.250,172.30.1.1,TCP,88
Teams,318,1.343653,172.30.1.250,172.30.1.1,TCP,1424
Teams,319,1.343996,172.30.1.1,172.30.1.250,TCP,88
Teams,320,1.348684,172.30.1.250,172.30.1.1,TLSv1.2,4952
Teams,321,1.348974,172.30.1.1,172.30.1.250,TCP,88
Teams,322,1.353344,172.30.1.1,172.30.1.250,TCP,88
Teams,323,1.353413,172.30.1.250,172.30.1.1,TLSv1.3,608
Teams,324,1.353478,172.30.1.250,172.30.1.1,TLSv1.3,640
Teams,325,1.353588,172.30.1.250,172.30.1.1,TLSv1.3,640
Teams,326,1.353646,172.30.1.1,172.30.1.250,TCP,88
Teams,327,1.353705,172.30.1.250,172.30.1.1,TCP,88
Teams,328,1.353736,172.30.1.1,172.30.1.250,TCP,88
Teams,329,1.353753,172.30.1.250,172.30.1.1,TCP,88
Teams,330,1.355226,172.30.1.1,172.30.1.250,TLSv1.3,120
Teams,331,1.355282,172.30.1.250,172.30.1.1,TLSv1.3,120
Teams,332,1.355656,172.30.1.250,172.30.1.1,TCP,88
Teams,333,1.362372,172.30.1.1,172.30.1.250,TLSv1.2,244
Teams,334,1.362446,172.30.1.250,172.30.1.1,TCP,88
Teams,335,1.394796,172.30.1.250,172.30.1.1,TLSv1.2,228
Teams,336,1.396175,172.30.1.1,172.30.1.250,TLSv1.2,124
Teams,337,1.396289,172.30.1.250,172.30.1.1,TCP,88
Teams,338,1.397348,172.30.1.1,172.30.1.250,TCP,88
Teams,339,1.411342,172.30.1.250,172.30.1.1,TLSv1.3,340
Teams,340,1.413642,172.30.1.1,172.30.1.250,TCP,88
Teams,341,1.415198,172.30.1.250,172.30.1.1,TLSv1.3,1028
Teams,342,1.416529,172.30.1.1,172.30.1.250,TCP,88
Teams,343,1.416566,172.30.1.250,172.30.1.1,TLSv1.3,1792
Teams,344,1.417823,172.30.1.1,172.30.1.250,TCP,88
Teams,345,1.436347,172.30.1.1,172.30.1.250,TLSv1.3,1000
Teams,346,1.436542,172.30.1.250,172.30.1.1,TCP,88
Teams,347,1.437388,172.30.1.250,172.30.1.1,TLSv1.2,208
Teams,348,1.438471,172.30.1.1,172.30.1.250,TLSv1.2,140
Teams,349,1.438648,172.30.1.250,172.30.1.1,TCP,88
Teams,350,1.438746,172.30.1.1,172.30.1.250,TLSv1.2,172
Teams,351,1.438806,172.30.1.250,172.30.1.1,TCP,88
Teams,352,1.440179,172.30.1.1,172.30.1.250,TLSv1.2,124
Teams,353,1.440265,172.30.1.250,172.30.1.1,TCP,88
Teams,354,1.445800,172.30.1.1,172.30.1.250,TLSv1.2,2224
Teams,355,1.446007,172.30.1.250,172.30.1.1,TCP,88
Teams,356,1.450340,172.30.1.250,172.30.1.1,TLSv1.3,484
Teams,357,1.450467,172.30.1.1,172.30.1.250,TCP,88
Teams,358,1.458788,172.30.1.250,172.30.1.1,TLSv1.2,1124
Teams,359,1.465087,172.30.1.250,172.30.1.1,TLSv1.3,3532
Teams,360,1.465363,172.30.1.1,172.30.1.250,TCP,88
Teams,361,1.471652,172.30.1.1,172.30.1.250,TLSv1.3,2580
Teams,362,1.472110,172.30.1.250,172.30.1.1,TCP,88
Teams,363,1.483702,172.30.1.250,172.30.1.1,UDP,200
Teams,364,1.484118,172.30.1.250,172.30.1.1,TLSv1.3,252
Teams,365,1.491528,172.30.1.250,172.30.1.1,TLSv1.3,1024
Teams,366,1.491695,172.30.1.1,172.30.1.250,TLSv1.3,952
Teams,367,1.491826,172.30.1.250,172.30.1.1,TCP,88
Teams,368,1.499966,172.30.1.250,172.30.1.1,TLSv1.2,208
Teams,369,1.501355,172.30.1.1,172.30.1.250,TCP,88
Teams,370,1.502930,172.30.1.1,172.30.1.250,TLSv1.2,140
Teams,371,1.503073,172.30.1.250,172.30.1.1,TCP,88
Teams,372,1.503192,172.30.1.1,172.30.1.250,TLSv1.2,132
Teams,373,1.503244,172.30.1.250,172.30.1.1,TCP,88
Teams,374,1.503338,172.30.1.1,172.30.1.250,TLSv1.2,128
Teams,375,1.503420,172.30.1.250,172.30.1.1,TCP,88
Teams,376,1.503974,172.30.1.1,172.30.1.250,TLSv1.2,120
Teams,377,1.504019,172.30.1.250,172.30.1.1,TCP,88
Teams,378,1.504427,172.30.1.1,172.30.1.250,TCP,88
Teams,379,1.504476,172.30.1.250,172.30.1.1,TCP,88
Teams,380,1.510810,172.30.1.1,172.30.1.250,TLSv1.2,1068
Teams,381,1.510979,172.30.1.250,172.30.1.1,TCP,88
Teams,382,1.530747,172.30.1.250,172.30.1.1,TLSv1.3,252
Teams,383,1.533742,172.30.1.1,172.30.1.250,TCP,88
Teams,384,1.535520,172.30.1.250,172.30.1.1,TLSv1.2,124
Teams,385,1.545892,172.30.1.1,172.30.1.250,TLSv1.3,952
Teams,386,1.546102,172.30.1.250,172.30.1.1,TCP,88
Teams,387,1.577677,172.30.1.1,172.30.1.250,TCP,88
Teams,388,1.595220,172.30.1.250,172.30.1.1,TLSv1.2,124
Teams,389,1.595576,172.30.1.1,172.30.1.250,TCP,88
Teams,390,1.595777,172.30.1.250,172.30.1.1,TCP,88
Teams,391,1.601488,172.30.1.250,172.30.1.1,TLSv1.3,252
Teams,392,1.645994,172.30.1.1,172.30.1.250,TCP,88
Teams,393,1.670242,172.30.1.250,172.30.1.1,TLSv1.3,1020
Teams,394,1.670536,172.30.1.1,172.30.1.250,TCP,88
Teams,395,1.680602,172.30.1.250,172.30.1.1,TLSv1.3,416
Teams,396,1.680833,172.30.1.1,172.30.1.250,TCP,88
Teams,397,1.750551,172.30.1.250,172.30.1.1,TLSv1.2,644
Teams,398,1.750974,172.30.1.1,172.30.1.250,TCP,88
Teams,399,1.757075,172.30.1.1,172.30.1.250,TLSv1.2,216
Teams,400,1.757447,172.30.1.250,172.30.1.1,TCP,88
Teams,401,1.805155,172.30.1.250,172.30.1.1,TLSv1.2,4008
Teams,402,1.805420,172.30.1.1,172.30.1.250,TCP,88
Teams,403,1.807211,172.30.1.250,172.30.1.1,TLSv1.2,128
Teams,404,1.807668,172.30.1.1,172.30.1.250,TCP,88
Teams,405,1.816684,172.30.1.1,172.30.1.250,TLSv1.2,336
Teams,406,1.816855,172.30.1.250,172.30.1.1,TCP,88
Teams,407,1.847036,172.30.1.250,172.30.1.1,TLSv1.2,944
Teams,408,1.847227,172.30.1.1,172.30.1.250,TCP,88
Teams,409,2.003920,172.30.1.250,172.30.1.1,UDP,248
Teams,410,2.097069,172.30.1.250,172.30.1.1,UDP,188
Teams,411,2.117951,172.30.1.250,172.30.1.1,UDP,192
Teams,412,2.118040,172.30.1.250,172.30.1.1,UDP,192
Teams,413,2.118113,172.30.1.250,172.30.1.1,UDP,192
Teams,414,2.118238,172.30.1.250,172.30.1.1,UDP,192
Teams,415,2.538418,172.30.1.1,172.30.1.250,TLSv1.2,216
Teams,416,2.538656,172.30.1.250,172.30.1.1,TCP,88
Teams,417,2.610556,172.30.1.250,172.30.1.1,TLSv1.2,128
Teams,418,2.653465,172.30.1.1,172.30.1.250,TCP,88
Teams,419,3.052656,172.30.1.1,172.30.1.250,TLSv1.2,144
Teams,420,3.052870,172.30.1.250,172.30.1.1,TCP,88
Teams,421,3.055741,172.30.1.1,172.30.1.250,TLSv1.3,3144
Teams,422,3.055949,172.30.1.250,172.30.1.1,TCP,88
Teams,423,3.063612,172.30.1.1,172.30.1.250,TLSv1.3,272
Teams,424,3.063780,172.30.1.250,172.30.1.1,TCP,88
Teams,425,3.065217,172.30.1.1,172.30.1.250,TLSv1.2,256
Teams,426,3.065313,172.30.1.250,172.30.1.1,TCP,88
Teams,427,3.067058,172.30.1.1,172.30.1.250,TLSv1.2,324
Teams,428,3.067145,172.30.1.250,172.30.1.1,TCP,88
Teams,429,3.070335,172.30.1.1,172.30.1.250,TLSv1.3,332
Teams,430,3.070420,172.30.1.250,172.30.1.1,TCP,88
Teams,431,3.071177,172.30.1.1,172.30.1.250,TLSv1.3,540
Teams,432,3.071227,172.30.1.250,172.30.1.1,TCP,88
Teams,433,3.072842,172.30.1.1,172.30.1.250,TLSv1.3,2580
Teams,434,3.072909,172.30.1.250,172.30.1.1,TCP,88
Teams,435,3.073875,172.30.1.1,172.30.1.250,TLSv1.3,500
Teams,436,3.073925,172.30.1.250,172.30.1.1,TCP,88
Teams,437,3.107593,172.30.1.250,172.30.1.1,TLSv1.2,132
Teams,438,3.107690,172.30.1.1,172.30.1.250,TCP,88
Teams,439,3.160920,172.30.1.250,172.30.1.1,UDP,192
Teams,440,3.161043,172.30.1.250,172.30.1.1,UDP,192
Teams,441,3.161071,172.30.1.250,172.30.1.1,UDP,192
Teams,442,3.161097,172.30.1.250,172.30.1.1,UDP,192
Teams,443,3.166092,172.30.1.250,172.30.1.1,TLSv1.3,252
Teams,444,3.166178,172.30.1.1,172.30.1.250,TCP,88
Teams,445,3.174124,172.30.1.1,172.30.1.250,TLSv1.3,952
Teams,446,3.174291,172.30.1.250,172.30.1.1,TCP,88
Teams,447,3.257364,172.30.1.250,172.30.1.1,TLSv1.3,892
Teams,448,3.257485,172.30.1.1,172.30.1.250,TCP,88
Teams,449,3.264850,172.30.1.250,172.30.1.1,TLSv1.3,808
Teams,450,3.265017,172.30.1.1,172.30.1.250,TCP,88
Teams,451,3.279894,172.30.1.250,172.30.1.1,TLSv1.3,252
Teams,452,3.301660,172.30.1.250,172.30.1.1,TLSv1.2,924
Teams,453,3.301751,172.30.1.250,172.30.1.1,TLSv1.3,476
Teams,454,3.301805,172.30.1.1,172.30.1.250,TCP,88
Teams,455,3.301811,172.30.1.1,172.30.1.250,TCP,88
Teams,456,3.304347,172.30.1.250,172.30.1.1,TLSv1.3,772
Teams,457,3.304562,172.30.1.1,172.30.1.250,TCP,88
Teams,458,3.307415,172.30.1.250,172.30.1.1,TLSv1.3,368
Teams,459,3.307492,172.30.1.1,172.30.1.250,TCP,88
Teams,460,3.321471,172.30.1.1,172.30.1.250,TCP,88
Teams,461,3.330364,172.30.1.250,172.30.1.1,TLSv1.3,324
Teams,462,3.330684,172.30.1.1,172.30.1.250,TCP,88
Teams,463,3.332535,172.30.1.250,172.30.1.1,TLSv1.3,3256
Teams,464,3.332630,172.30.1.1,172.30.1.250,TCP,88
Teams,465,3.335503,172.30.1.250,172.30.1.1,TLSv1.3,120
Teams,466,3.335733,172.30.1.1,172.30.1.250,TCP,88
Teams,467,3.351033,172.30.1.250,172.30.1.1,TLSv1.2,464
Teams,468,3.351134,172.30.1.1,172.30.1.250,TCP,88
Teams,469,3.354077,172.30.1.250,172.30.1.1,TLSv1.2,124
Teams,470,3.354155,172.30.1.1,172.30.1.250,TCP,88
Teams,471,3.356152,172.30.1.1,172.30.1.250,TLSv1.2,216
Teams,472,3.356288,172.30.1.250,172.30.1.1,TCP,88
Teams,473,3.385520,172.30.1.1,172.30.1.250,TCP,108
Teams,474,3.389002,172.30.1.1,172.30.1.250,DNS,128
Teams,475,3.410364,172.30.1.250,172.30.1.1,TLSv1.2,128
Teams,476,3.410531,172.30.1.1,172.30.1.250,TCP,88
Teams,477,3.430980,172.30.1.250,172.30.1.1,DNS,452
Teams,478,3.490503,172.30.1.250,172.30.1.1,TCP,96
Teams,479,3.490745,172.30.1.1,172.30.1.250,TCP,88
Teams,480,3.494470,172.30.1.1,172.30.1.250,TLSv1.2,384
Teams,481,3.494891,172.30.1.250,172.30.1.1,TCP,88
Teams,482,3.594341,172.30.1.250,172.30.1.1,TLSv1.2,2760
Teams,483,3.594690,172.30.1.1,172.30.1.250,TCP,88
Teams,484,3.597400,172.30.1.250,172.30.1.1,TLSv1.2,1488
Teams,485,3.597589,172.30.1.1,172.30.1.250,TCP,88
Teams,486,3.604242,172.30.1.1,172.30.1.250,TLSv1.2,180
Teams,487,3.604522,172.30.1.250,172.30.1.1,TCP,88
Teams,488,3.686739,172.30.1.250,172.30.1.1,STUN,296
Teams,489,3.688412,172.30.1.250,172.30.1.1,STUN,296
Teams,490,3.689429,172.30.1.250,172.30.1.1,STUN,296
Teams,491,3.690449,172.30.1.250,172.30.1.1,STUN,296
Teams,492,3.702486,172.30.1.250,172.30.1.1,TLSv1.2,140
Teams,493,3.702990,172.30.1.1,172.30.1.250,TLSv1.2,1808
Teams,494,3.703064,172.30.1.250,172.30.1.1,TCP,88
Teams,495,3.703173,172.30.1.1,172.30.1.250,TLSv1.2,260
Teams,496,3.703189,172.30.1.250,172.30.1.1,TCP,88
Teams,497,3.727168,172.30.1.250,172.30.1.1,STUN,260
Teams,498,3.730327,172.30.1.250,172.30.1.1,STUN,260
Teams,499,3.732665,172.30.1.250,172.30.1.1,STUN,260
Teams,500,3.732863,172.30.1.250,172.30.1.1,STUN,260
Teams,501,3.921434,172.30.1.250,172.30.1.1,TLSv1.2,2776
Teams,502,3.921849,172.30.1.1,172.30.1.250,TCP,88
Teams,503,3.922631,172.30.1.1,172.30.1.250,TLSv1.2,336
Teams,504,3.922751,172.30.1.250,172.30.1.1,TCP,88
Teams,505,3.924230,172.30.1.250,172.30.1.1,TLSv1.2,2776
Teams,506,3.925228,172.30.1.1,172.30.1.250,TLSv1.2,332
Teams,507,3.925426,172.30.1.250,172.30.1.1,TCP,88
Teams,508,3.944946,172.30.1.250,172.30.1.1,TLSv1.2,592
Teams,509,3.973222,172.30.1.250,172.30.1.1,UDP,188
Teams,510,3.985458,172.30.1.1,172.30.1.250,TCP,88
Teams,511,3.994003,172.30.1.250,172.30.1.1,UDP,168
Teams,512,4.200763,172.30.1.250,172.30.1.1,UDP,192
Teams,513,4.201085,172.30.1.250,172.30.1.1,UDP,192
Teams,514,4.201165,172.30.1.250,172.30.1.1,UDP,192
Teams,515,4.282974,172.30.1.250,172.30.1.1,UDP,132
Teams,516,4.283163,172.30.1.250,172.30.1.1,UDP,1308
Teams,517,4.283205,172.30.1.250,172.30.1.1,UDP,1308
Teams,518,4.283235,172.30.1.250,172.30.1.1,UDP,1308
Teams,519,4.283264,172.30.1.250,172.30.1.1,UDP,1308
Teams,520,5.039048,172.30.1.250,172.30.1.1,UDP,192
Teams,521,5.143711,172.30.1.250,172.30.1.1,UDP,168
Teams,522,5.143930,172.30.1.250,172.30.1.1,UDP,168
Teams,523,5.144022,172.30.1.250,172.30.1.1,UDP,168
Teams,524,5.403088,172.30.1.250,172.30.1.1,UDP,188
Teams,525,6.052059,172.30.1.250,172.30.1.1,UDP,192
Teams,526,6.160606,172.30.1.250,172.30.1.1,UDP,192
Teams,527,6.161113,172.30.1.250,172.30.1.1,UDP,192
Teams,528,6.161402,172.30.1.250,172.30.1.1,UDP,192
Teams,529,6.449976,172.30.1.250,172.30.1.1,UDP,188
Teams,530,7.066619,172.30.1.250,172.30.1.1,UDP,192
Teams,531,7.175458,172.30.1.250,172.30.1.1,UDP,192
Teams,532,7.175656,172.30.1.250,172.30.1.1,UDP,192
Teams,533,7.175813,172.30.1.250,172.30.1.1,UDP,192
Teams,534,7.218203,172.30.1.250,172.30.1.1,UDP,188
Teams,535,7.258350,172.30.1.250,172.30.1.1,UDP,248
Teams,536,7.290606,172.30.1.250,172.30.1.1,UDP,132
Teams,537,7.290792,172.30.1.250,172.30.1.1,UDP,1308
Teams,538,7.290875,172.30.1.250,172.30.1.1,UDP,1308
Teams,539,7.290943,172.30.1.250,172.30.1.1,UDP,1308
Teams,540,7.291006,172.30.1.250,172.30.1.1,UDP,1308
Teams,541,8.094765,172.30.1.250,172.30.1.1,UDP,192
Teams,542,8.158655,172.30.1.250,172.30.1.1,UDP,240
Teams,543,8.196903,172.30.1.1,172.30.1.250,TLSv1.2,144
Teams,544,8.197024,172.30.1.250,172.30.1.1,TCP,88
Teams,545,8.202744,172.30.1.250,172.30.1.1,UDP,192
Teams,546,8.203378,172.30.1.250,172.30.1.1,UDP,192
Teams,547,8.203868,172.30.1.250,172.30.1.1,UDP,192
Teams,548,8.246197,172.30.1.250,172.30.1.1,TLSv1.2,132
Teams,549,8.289642,172.30.1.1,172.30.1.250,TCP,88
Teams,550,9.158040,172.30.1.250,172.30.1.1,UDP,168
Teams,551,9.263294,172.30.1.250,172.30.1.1,UDP,192
Teams,552,9.263991,172.30.1.250,172.30.1.1,UDP,192
Teams,553,9.264148,172.30.1.250,172.30.1.1,UDP,192
Teams,554,9.465431,172.30.1.250,172.30.1.1,UDP,188
Teams,555,9.805127,172.30.1.250,172.30.1.1,UDP,188
Teams,556,10.111475,172.30.1.250,172.30.1.1,UDP,168
Teams,557,10.164925,172.30.1.250,172.30.1.1,UDP,168
Teams,558,10.218469,172.30.1.250,172.30.1.1,UDP,168
Teams,559,10.218799,172.30.1.250,172.30.1.1,UDP,192
Teams,560,10.293030,172.30.1.250,172.30.1.1,UDP,132
Teams,561,10.293318,172.30.1.250,172.30.1.1,UDP,1308
Teams,562,10.293386,172.30.1.250,172.30.1.1,UDP,1308
Teams,563,10.293430,172.30.1.250,172.30.1.1,UDP,1308
Teams,564,10.293471,172.30.1.250,172.30.1.1,UDP,1308
Teams,565,10.937745,172.30.1.250,172.30.1.1,UDP,188
Teams,566,11.123619,172.30.1.1,172.30.1.250,TLSv1.2,216
Teams,567,11.123802,172.30.1.250,172.30.1.1,TCP,88
Teams,568,11.127628,172.30.1.250,172.30.1.1,UDP,192
Teams,569,11.182405,172.30.1.250,172.30.1.1,UDP,192
Teams,570,11.199866,172.30.1.250,172.30.1.1,TLSv1.2,128
Teams,571,11.200286,172.30.1.1,172.30.1.250,TCP,88
Teams,572,11.237692,172.30.1.250,172.30.1.1,UDP,192
Teams,573,11.238058,172.30.1.250,172.30.1.1,UDP,192
Teams,574,11.290687,172.30.1.250,172.30.1.1,UDP,240
Teams,575,12.145134,172.30.1.250,172.30.1.1,UDP,192
Teams,576,12.201392,172.30.1.250,172.30.1.1,UDP,192
Teams,577,12.254045,172.30.1.250,172.30.1.1,UDP,192
Teams,578,12.254307,172.30.1.250,172.30.1.1,UDP,192
Teams,579,12.546835,172.30.1.250,172.30.1.1,UDP,188
Teams,580,13.165387,172.30.1.250,172.30.1.1,UDP,192
Teams,581,13.218294,172.30.1.250,172.30.1.1,UDP,192
Teams,582,13.271953,172.30.1.250,172.30.1.1,UDP,192
Teams,583,13.272200,172.30.1.250,172.30.1.1,UDP,192
Teams,584,13.293988,172.30.1.250,172.30.1.1,UDP,132
Teams,585,13.294153,172.30.1.250,172.30.1.1,UDP,1308
Teams,586,13.294218,172.30.1.250,172.30.1.1,UDP,1308
Teams,587,13.294264,172.30.1.250,172.30.1.1,UDP,1308
Teams,588,13.294311,172.30.1.250,172.30.1.1,UDP,1308
Teams,589,14.185983,172.30.1.250,172.30.1.1,UDP,192
Teams,590,14.238923,172.30.1.250,172.30.1.1,UDP,192
Teams,591,14.239115,172.30.1.250,172.30.1.1,UDP,168
Teams,592,14.292829,172.30.1.250,172.30.1.1,UDP,192
Teams,593,14.314129,172.30.1.250,172.30.1.1,UDP,240
Teams,594,14.522600,172.30.1.250,172.30.1.1,UDP,188
Teams,595,14.952123,172.30.1.250,172.30.1.1,UDP,188
Teams,596,15.211364,172.30.1.250,172.30.1.1,UDP,168
Teams,597,15.211680,172.30.1.250,172.30.1.1,UDP,168
Teams,598,15.264829,172.30.1.250,172.30.1.1,UDP,192
Teams,599,15.318181,172.30.1.250,172.30.1.1,UDP,192
Teams,600,15.371898,172.30.1.250,172.30.1.1,UDP,168
Teams,601,16.230287,172.30.1.250,172.30.1.1,UDP,192
Teams,602,16.230651,172.30.1.250,172.30.1.1,UDP,192
Teams,603,16.284943,172.30.1.250,172.30.1.1,UDP,192
Teams,604,16.307205,172.30.1.250,172.30.1.1,UDP,132
Teams,605,16.307541,172.30.1.250,172.30.1.1,UDP,1308
Teams,606,16.307843,172.30.1.250,172.30.1.1,UDP,1308
Teams,607,16.307987,172.30.1.250,172.30.1.1,UDP,1308
Teams,608,16.308124,172.30.1.250,172.30.1.1,UDP,1308
Teams,609,16.392641,172.30.1.250,172.30.1.1,UDP,192
Teams,610,16.735234,172.30.1.250,172.30.1.1,UDP,188
Teams,611,17.253152,172.30.1.250,172.30.1.1,UDP,192
Teams,612,17.253522,172.30.1.250,172.30.1.1,UDP,192
Teams,613,17.307604,172.30.1.250,172.30.1.1,UDP,192
Teams,614,17.339146,172.30.1.250,172.30.1.1,UDP,216
Teams,615,17.350439,172.30.1.250,172.30.1.1,UDP,216
Teams,616,17.414786,172.30.1.250,172.30.1.1,UDP,192
Teams,617,17.425461,172.30.1.250,172.30.1.1,UDP,188
Teams,618,17.725568,172.30.1.250,172.30.1.1,UDP,188
Teams,619,18.275517,172.30.1.250,172.30.1.1,UDP,192
Teams,620,18.277590,172.30.1.250,172.30.1.1,UDP,192
Teams,621,18.328807,172.30.1.250,172.30.1.1,UDP,192
Teams,622,18.437637,172.30.1.250,172.30.1.1,UDP,192
Teams,623,18.958942,172.30.1.250,172.30.1.1,TLSv1.2,1236
Teams,624,18.960212,172.30.1.1,172.30.1.250,TCP,88
Teams,625,18.969189,172.30.1.1,172.30.1.250,TLSv1.2,336
Teams,626,18.969502,172.30.1.250,172.30.1.1,TCP,88
Teams,627,19.240502,172.30.1.250,172.30.1.1,UDP,168
Teams,628,19.295285,172.30.1.250,172.30.1.1,UDP,192
Teams,629,19.296009,172.30.1.250,172.30.1.1,UDP,192
Teams,630,19.317434,172.30.1.250,172.30.1.1,UDP,132
Teams,631,19.317623,172.30.1.250,172.30.1.1,UDP,1308
Teams,632,19.317713,172.30.1.250,172.30.1.1,UDP,1308
Teams,633,19.317851,172.30.1.250,172.30.1.1,UDP,1308
Teams,634,19.317918,172.30.1.250,172.30.1.1,UDP,1308
Teams,635,19.457241,172.30.1.250,172.30.1.1,UDP,192
Teams,636,19.553912,172.30.1.250,172.30.1.1,UDP,188
Teams,637,20.264672,172.30.1.250,172.30.1.1,UDP,192
Teams,638,20.285240,172.30.1.250,172.30.1.1,UDP,240
Teams,639,20.317079,172.30.1.250,172.30.1.1,UDP,168
Teams,640,20.317298,172.30.1.250,172.30.1.1,UDP,168
Teams,641,20.317344,172.30.1.250,172.30.1.1,UDP,168
Teams,642,20.863342,172.30.1.250,172.30.1.1,UDP,180
Teams,643,21.178847,172.30.1.1,172.30.1.250,TLSv1.2,132
Teams,644,21.179127,172.30.1.250,172.30.1.1,TCP,88
Teams,645,21.208362,172.30.1.250,172.30.1.1,TLSv1.2,884
Teams,646,21.209182,172.30.1.250,172.30.1.1,TLSv1.2,884
Teams,647,21.215512,172.30.1.1,172.30.1.250,TLSv1.2,852
Teams,648,21.215571,172.30.1.1,172.30.1.250,TLSv1.2,852
Teams,649,21.215747,172.30.1.250,172.30.1.1,TCP,88
Teams,650,21.215921,172.30.1.250,172.30.1.1,TCP,88
Teams,651,21.216003,172.30.1.1,172.30.1.250,TLSv1.2,120
Teams,652,21.216021,172.30.1.1,172.30.1.250,TLSv1.2,120
Teams,653,21.216047,172.30.1.250,172.30.1.1,TCP,88
Teams,654,21.216086,172.30.1.250,172.30.1.1,TCP,88
Teams,655,21.235355,172.30.1.250,172.30.1.1,TLSv1.2,128
Teams,656,21.254269,172.30.1.1,172.30.1.250,TCP,88
Teams,657,21.259920,172.30.1.1,172.30.1.250,TLSv1.2,132
Teams,658,21.260103,172.30.1.250,172.30.1.1,TCP,88
Teams,659,21.278075,172.30.1.250,172.30.1.1,UDP,192
Teams,660,21.278280,172.30.1.1,172.30.1.250,TCP,88
Teams,661,21.298265,172.30.1.250,172.30.1.1,TLSv1.2,128
Teams,662,21.330918,172.30.1.250,172.30.1.1,UDP,192
Teams,663,21.331387,172.30.1.250,172.30.1.1,UDP,192
Teams,664,21.331463,172.30.1.250,172.30.1.1,UDP,192
Teams,665,21.341627,172.30.1.1,172.30.1.250,TCP,88
Teams,666,22.034410,172.30.1.250,172.30.1.1,UDP,188
Teams,667,22.291296,172.30.1.250,172.30.1.1,UDP,192
Teams,668,22.333942,172.30.1.250,172.30.1.1,UDP,132
Teams,669,22.334567,172.30.1.250,172.30.1.1,UDP,1308
Teams,670,22.334910,172.30.1.250,172.30.1.1,UDP,1308
Teams,671,22.335230,172.30.1.250,172.30.1.1,UDP,1308
Teams,672,22.335857,172.30.1.250,172.30.1.1,UDP,1308
Teams,673,22.345649,172.30.1.250,172.30.1.1,UDP,192
Teams,674,22.346003,172.30.1.250,172.30.1.1,UDP,192
Teams,675,22.346322,172.30.1.250,172.30.1.1,UDP,192
Teams,676,22.422291,172.30.1.250,172.30.1.1,UDP,216
Teams,677,23.311272,172.30.1.250,172.30.1.1,UDP,192
Teams,678,23.364725,172.30.1.250,172.30.1.1,UDP,192
Teams,679,23.366608,172.30.1.250,172.30.1.1,UDP,192
Teams,680,23.366808,172.30.1.250,172.30.1.1,UDP,192
Teams,681,23.900723,172.30.1.250,172.30.1.1,STUN,296
Teams,682,23.900904,172.30.1.250,172.30.1.1,STUN,296
Teams,683,23.900991,172.30.1.250,172.30.1.1,STUN,296
Teams,684,23.955013,172.30.1.250,172.30.1.1,STUN,296
Teams,685,23.977517,172.30.1.250,172.30.1.1,STUN,260
Teams,686,23.985385,172.30.1.250,172.30.1.1,STUN,260
Teams,687,23.985627,172.30.1.250,172.30.1.1,STUN,260
Teams,688,24.014918,172.30.1.250,172.30.1.1,STUN,260
Teams,689,24.334377,172.30.1.250,172.30.1.1,UDP,168
Teams,690,24.334549,172.30.1.250,172.30.1.1,UDP,168
Teams,691,24.390524,172.30.1.250,172.30.1.1,UDP,192
Teams,692,24.390894,172.30.1.250,172.30.1.1,UDP,192
Teams,693,24.390978,172.30.1.250,172.30.1.1,UDP,192
Teams,694,24.466994,172.30.1.250,172.30.1.1,UDP,180
Teams,695,24.510332,172.30.1.250,172.30.1.1,UDP,180
Teams,696,25.347729,172.30.1.250,172.30.1.1,UDP,240
Teams,697,25.348158,172.30.1.250,172.30.1.1,UDP,132
Teams,698,25.348279,172.30.1.250,172.30.1.1,UDP,1308
Teams,699,25.348389,172.30.1.250,172.30.1.1,UDP,1308
Teams,700,25.348495,172.30.1.250,172.30.1.1,UDP,1308
Teams,701,25.348715,172.30.1.250,172.30.1.1,UDP,1308
Teams,702,25.358492,172.30.1.250,172.30.1.1,UDP,192
Teams,703,25.412806,172.30.1.250,172.30.1.1,UDP,192
Teams,704,25.413189,172.30.1.250,172.30.1.1,UDP,192
Teams,705,25.413329,172.30.1.250,172.30.1.1,UDP,192
Teams,706,25.466487,172.30.1.250,172.30.1.1,UDP,168
Teams,707,25.466695,172.30.1.250,172.30.1.1,UDP,168
Teams,708,25.634783,172.30.1.250,172.30.1.1,UDP,168
Teams,709,26.100787,172.30.1.250,172.30.1.1,UDP,180
Teams,710,26.381856,172.30.1.250,172.30.1.1,UDP,192
Teams,711,26.490036,172.30.1.250,172.30.1.1,UDP,192
Teams,712,26.490403,172.30.1.250,172.30.1.1,UDP,192
Teams,713,26.650122,172.30.1.250,172.30.1.1,UDP,192
Teams,714,26.880735,172.30.1.250,172.30.1.1,UDP,180
Teams,715,27.404545,172.30.1.250,172.30.1.1,UDP,192
Teams,716,27.511669,172.30.1.250,172.30.1.1,UDP,192
Teams,717,27.512276,172.30.1.250,172.30.1.1,UDP,192
Teams,718,27.673512,172.30.1.250,172.30.1.1,UDP,192
Teams,719,28.241770,172.30.1.250,172.30.1.1,UDP,240
Teams,720,28.359390,172.30.1.250,172.30.1.1,UDP,132
Teams,721,28.359519,172.30.1.250,172.30.1.1,UDP,1308
Teams,722,28.359587,172.30.1.250,172.30.1.1,UDP,1308
Teams,723,28.359638,172.30.1.250,172.30.1.1,UDP,1308
Teams,724,28.359689,172.30.1.250,172.30.1.1,UDP,1308
Teams,725,28.424597,172.30.1.250,172.30.1.1,UDP,192
Teams,726,28.534786,172.30.1.250,172.30.1.1,UDP,192
Teams,727,28.535364,172.30.1.250,172.30.1.1,UDP,192
Teams,728,28.700004,172.30.1.250,172.30.1.1,UDP,192
Teams,729,28.989648,172.30.1.250,172.30.1.1,UDP,180
Teams,730,29.268203,172.30.1.250,172.30.1.1,UDP,180
Teams,731,29.455395,172.30.1.250,172.30.1.1,UDP,192
Teams,732,29.516346,172.30.1.250,172.30.1.1,UDP,168
Teams,733,29.570047,172.30.1.250,172.30.1.1,UDP,192
Teams,734,29.570295,172.30.1.250,172.30.1.1,UDP,192
Teams,735,29.731495,172.30.1.250,172.30.1.1,UDP,192
Teams,736,30.457098,172.30.1.250,172.30.1.1,UDP,180
Teams,737,30.531226,172.30.1.250,172.30.1.1,UDP,192
Teams,738,30.585729,172.30.1.250,172.30.1.1,UDP,192
Teams,739,30.586335,172.30.1.250,172.30.1.1,UDP,192
Teams,740,30.640075,172.30.1.250,172.30.1.1,UDP,168
Teams,741,30.640274,172.30.1.250,172.30.1.1,UDP,168
Teams,742,30.640352,172.30.1.250,172.30.1.1,UDP,168
Teams,743,31.106461,172.30.1.250,172.30.1.1,TLSv1.2,3128
Teams,744,31.109113,172.30.1.1,172.30.1.250,TLSv1.2,332
Teams,745,31.109241,172.30.1.250,172.30.1.1,TCP,88
Teams,746,31.187657,172.30.1.250,172.30.1.1,TLSv1.2,3128
Teams,747,31.191279,172.30.1.1,172.30.1.250,TLSv1.2,336
Teams,748,31.191761,172.30.1.250,172.30.1.1,TCP,88
Teams,749,31.377875,172.30.1.250,172.30.1.1,UDP,132
Teams,750,31.378071,172.30.1.250,172.30.1.1,UDP,1308
Teams,751,31.378174,172.30.1.250,172.30.1.1,UDP,1308
Teams,752,31.378243,172.30.1.250,172.30.1.1,UDP,1308
Teams,753,31.378309,172.30.1.250,172.30.1.1,UDP,1308
Teams,754,31.551969,172.30.1.250,172.30.1.1,UDP,192
Teams,755,31.665780,172.30.1.250,172.30.1.1,UDP,192
Teams,756,31.666200,172.30.1.250,172.30.1.1,UDP,192
Teams,757,31.666310,172.30.1.250,172.30.1.1,UDP,192
Teams,758,31.743366,172.30.1.250,172.30.1.1,UDP,240
Teams,759,32.581605,172.30.1.250,172.30.1.1,UDP,192
Teams,760,32.689958,172.30.1.250,172.30.1.1,UDP,192
Teams,761,32.690327,172.30.1.250,172.30.1.1,UDP,192
Teams,762,32.690419,172.30.1.250,172.30.1.1,UDP,192
Teams,763,33.143773,172.30.1.250,172.30.1.1,TCP,1436
Teams,764,33.183878,172.30.1.250,172.30.1.1,TLSv1.2,4892
Teams,765,33.184588,172.30.1.1,172.30.1.250,TCP,88
Teams,766,33.186923,172.30.1.1,172.30.1.250,TLSv1.2,336
Teams,767,33.187292,172.30.1.250,172.30.1.1,TCP,88
Teams,768,33.187838,172.30.1.1,172.30.1.250,TLSv1.2,332
Teams,769,33.187898,172.30.1.250,172.30.1.1,TCP,88
Teams,770,33.601547,172.30.1.250,172.30.1.1,UDP,192
Teams,771,33.709724,172.30.1.250,172.30.1.1,UDP,192
Teams,772,33.710576,172.30.1.250,172.30.1.1,UDP,192
Teams,773,33.710996,172.30.1.250,172.30.1.1,UDP,192
Teams,774,33.839239,172.30.1.250,172.30.1.1,UDP,180
Teams,775,34.010698,172.30.1.250,172.30.1.1,UDP,216
Teams,776,34.395428,172.30.1.250,172.30.1.1,UDP,132
Teams,777,34.395719,172.30.1.250,172.30.1.1,UDP,1308
Teams,778,34.395841,172.30.1.250,172.30.1.1,UDP,1308
Teams,779,34.395949,172.30.1.250,172.30.1.1,UDP,1308
Teams,780,34.396057,172.30.1.250,172.30.1.1,UDP,1308
Teams,781,34.460668,172.30.1.250,172.30.1.1,UDP,168
Teams,782,34.726038,172.30.1.250,172.30.1.1,UDP,192
Teams,783,34.726466,172.30.1.250,172.30.1.1,UDP,192
Teams,784,34.727238,172.30.1.250,172.30.1.1,UDP,192
Teams,785,35.273325,172.30.1.250,172.30.1.1,UDP,180
Teams,786,35.273731,172.30.1.250,172.30.1.1,UDP,180
Teams,787,35.477734,172.30.1.250,172.30.1.1,UDP,192
Teams,788,35.531993,172.30.1.250,172.30.1.1,UDP,168
Teams,789,35.532192,172.30.1.250,172.30.1.1,UDP,168
Teams,790,35.586385,172.30.1.250,172.30.1.1,UDP,168
Teams,791,36.500186,172.30.1.250,172.30.1.1,UDP,192
Teams,792,36.556812,172.30.1.250,172.30.1.1,UDP,192
Teams,793,36.557072,172.30.1.250,172.30.1.1,UDP,192
Teams,794,36.611124,172.30.1.250,172.30.1.1,UDP,192
Teams,795,37.406508,172.30.1.250,172.30.1.1,UDP,132
Teams,796,37.406775,172.30.1.250,172.30.1.1,UDP,1308
Teams,797,37.406865,172.30.1.250,172.30.1.1,UDP,1308
Teams,798,37.406935,172.30.1.250,172.30.1.1,UDP,1308
Teams,799,37.406988,172.30.1.250,172.30.1.1,UDP,1308
Teams,800,37.527571,172.30.1.250,172.30.1.1,UDP,192
Teams,801,37.583129,172.30.1.250,172.30.1.1,UDP,192
Teams,802,37.583391,172.30.1.250,172.30.1.1,UDP,192
Teams,803,37.637473,172.30.1.250,172.30.1.1,UDP,192
Teams,804,38.548916,172.30.1.250,172.30.1.1,UDP,192
Teams,805,38.603143,172.30.1.250,172.30.1.1,UDP,192
Teams,806,38.605177,172.30.1.250,172.30.1.1,UDP,192
Teams,807,38.658193,172.30.1.250,172.30.1.1,UDP,192
Teams,808,38.754992,172.30.1.250,172.30.1.1,UDP,216
Teams,809,39.063368,172.30.1.1,172.30.1.250,DNS,124
Teams,810,39.155902,172.30.1.250,172.30.1.1,DNS,256
Teams,811,39.163369,172.30.1.1,172.30.1.250,TCP,108
Teams,812,39.501688,172.30.1.250,172.30.1.1,TCP,96
Teams,813,39.503959,172.30.1.1,172.30.1.250,TCP,88
Teams,814,39.509212,172.30.1.1,172.30.1.250,TLSv1.3,604
Teams,815,39.509733,172.30.1.250,172.30.1.1,TCP,88
Teams,816,39.556473,172.30.1.250,172.30.1.1,UDP,180
Teams,817,39.567635,172.30.1.250,172.30.1.1,UDP,168
Teams,818,39.622169,172.30.1.250,172.30.1.1,UDP,192
Teams,819,39.622394,172.30.1.250,172.30.1.1,UDP,192
Teams,820,39.676466,172.30.1.250,172.30.1.1,UDP,192
Teams,821,39.730537,172.30.1.250,172.30.1.1,UDP,180
Teams,822,39.814107,172.30.1.250,172.30.1.1,TLSv1.3,188
Teams,823,39.815647,172.30.1.1,172.30.1.250,TCP,88
Teams,824,39.822799,172.30.1.1,172.30.1.250,TLSv1.3,544
Teams,825,39.827014,172.30.1.250,172.30.1.1,TCP,88
Teams,826,40.153619,172.30.1.250,172.30.1.1,TLSv1.3,6424
Teams,827,40.155412,172.30.1.250,172.30.1.1,TLSv1.2,3128
Teams,828,40.160733,172.30.1.1,172.30.1.250,TLSv1.2,336
Teams,829,40.161031,172.30.1.250,172.30.1.1,TLSv1.2,3128
Teams,830,40.164441,172.30.1.250,172.30.1.1,TCP,88
Teams,831,40.164949,172.30.1.1,172.30.1.250,TLSv1.2,332
Teams,832,40.165039,172.30.1.250,172.30.1.1,TCP,88
Teams,833,40.190434,172.30.1.1,172.30.1.250,TLSv1.3,160
Teams,834,40.191212,172.30.1.250,172.30.1.1,TCP,88
Teams,835,40.191629,172.30.1.1,172.30.1.250,TLSv1.3,4068
Teams,836,40.191899,172.30.1.250,172.30.1.1,TCP,88
Teams,837,40.231546,172.30.1.250,172.30.1.1,TLSv1.2,3136
Teams,838,40.234335,172.30.1.250,172.30.1.1,TLSv1.2,3136
Teams,839,40.234629,172.30.1.1,172.30.1.250,TLSv1.2,336
Teams,840,40.234825,172.30.1.250,172.30.1.1,TCP,88
Teams,841,40.236774,172.30.1.1,172.30.1.250,TLSv1.2,336
Teams,842,40.236945,172.30.1.250,172.30.1.1,TCP,88
Teams,843,40.413390,172.30.1.250,172.30.1.1,UDP,132
Teams,844,40.413786,172.30.1.250,172.30.1.1,UDP,1308
Teams,845,40.413861,172.30.1.250,172.30.1.1,UDP,1308
Teams,846,40.413920,172.30.1.250,172.30.1.1,UDP,1308
Teams,847,40.413977,172.30.1.250,172.30.1.1,UDP,1308
Teams,848,40.441370,172.30.1.250,172.30.1.1,TLSv1.3,192
Teams,849,40.480417,172.30.1.1,172.30.1.250,TLSv1.2,1808
Teams,850,40.480545,172.30.1.250,172.30.1.1,TCP,88
Teams,851,40.480626,172.30.1.1,172.30.1.250,TLSv1.2,240
Teams,852,40.480644,172.30.1.250,172.30.1.1,TCP,88
Teams,853,40.486790,172.30.1.1,172.30.1.250,TCP,88
Teams,854,40.499911,172.30.1.250,172.30.1.1,UDP,180
Teams,855,40.513030,172.30.1.250,172.30.1.1,TLSv1.3,536
Teams,856,40.513567,172.30.1.1,172.30.1.250,TCP,88
Teams,857,40.521331,172.30.1.1,172.30.1.250,TLSv1.3,3360
Teams,858,40.521547,172.30.1.250,172.30.1.1,TCP,88
Teams,859,40.595125,172.30.1.250,172.30.1.1,UDP,168
Teams,860,40.595504,172.30.1.250,172.30.1.1,UDP,168
Teams,861,40.595643,172.30.1.250,172.30.1.1,UDP,192
Teams,862,40.651120,172.30.1.250,172.30.1.1,UDP,168
Teams,863,40.701942,172.30.1.250,172.30.1.1,TLSv1.2,592
Teams,864,40.703065,172.30.1.1,172.30.1.250,TCP,88
Teams,865,40.731156,172.30.1.250,172.30.1.1,TLSv1.2,3132
Teams,866,40.734183,172.30.1.250,172.30.1.1,TLSv1.2,3132
Teams,867,40.734511,172.30.1.1,172.30.1.250,TCP,88
Teams,868,40.736905,172.30.1.1,172.30.1.250,TLSv1.2,336
Teams,869,40.737085,172.30.1.250,172.30.1.1,TCP,88
Teams,870,40.738675,172.30.1.1,172.30.1.250,TLSv1.2,336
Teams,871,40.738783,172.30.1.250,172.30.1.1,TCP,88
Teams,872,40.790848,172.30.1.250,172.30.1.1,TLSv1.3,532
Teams,873,40.798189,172.30.1.1,172.30.1.250,TLSv1.3,2568
Teams,874,40.798382,172.30.1.250,172.30.1.1,TCP,88
Teams,875,41.101577,172.30.1.250,172.30.1.1,TLSv1.3,532
Teams,876,41.145767,172.30.1.1,172.30.1.250,TCP,88
Teams,877,41.154190,172.30.1.250,172.30.1.1,UDP,216
Teams,878,41.241740,172.30.1.1,172.30.1.250,TLSv1.2,132
Teams,879,41.242053,172.30.1.250,172.30.1.1,TCP,88
Teams,880,41.291716,172.30.1.250,172.30.1.1,TLSv1.2,128
Teams,881,41.294994,172.30.1.1,172.30.1.250,TCP,88
Teams,882,41.303126,172.30.1.1,172.30.1.250,TLSv1.2,132
Teams,883,41.303354,172.30.1.250,172.30.1.1,TCP,88
Teams,884,41.333209,172.30.1.250,172.30.1.1,TLSv1.2,884
Teams,885,41.339163,172.30.1.1,172.30.1.250,TLSv1.2,852
Teams,886,41.339538,172.30.1.250,172.30.1.1,TCP,88
Teams,887,41.339782,172.30.1.1,172.30.1.250,TLSv1.2,120
Teams,888,41.339871,172.30.1.250,172.30.1.1,TCP,88
Teams,889,41.358274,172.30.1.250,172.30.1.1,TLSv1.2,128
Teams,890,41.358861,172.30.1.1,172.30.1.250,TCP,88
Teams,891,41.377594,172.30.1.1,172.30.1.250,TCP,88
Teams,892,41.387144,172.30.1.250,172.30.1.1,TLSv1.2,884
Teams,893,41.388945,172.30.1.1,172.30.1.250,TCP,88
Teams,894,41.394181,172.30.1.1,172.30.1.250,TLSv1.2,852
Teams,895,41.394414,172.30.1.250,172.30.1.1,TCP,88
Teams,896,41.394923,172.30.1.1,172.30.1.250,TLSv1.2,120
Teams,897,41.395019,172.30.1.250,172.30.1.1,TCP,88
Teams,898,41.651619,172.30.1.250,172.30.1.1,UDP,192
Teams,899,41.652162,172.30.1.250,172.30.1.1,UDP,192
Teams,900,41.652449,172.30.1.250,172.30.1.1,UDP,192
Teams,901,41.701742,172.30.1.250,172.30.1.1,UDP,192
Teams,902,41.792926,172.30.1.250,172.30.1.1,UDP,216
Teams,903,41.895149,172.30.1.250,172.30.1.1,UDP,180
Teams,904,42.672704,172.30.1.250,172.30.1.1,UDP,192
Teams,905,42.673240,172.30.1.250,172.30.1.1,UDP,192
Teams,906,42.673646,172.30.1.250,172.30.1.1,UDP,192
Teams,907,42.731087,172.30.1.250,172.30.1.1,UDP,192
Teams,908,43.436803,172.30.1.250,172.30.1.1,UDP,132
Teams,909,43.437484,172.30.1.250,172.30.1.1,UDP,1308
Teams,910,43.437818,172.30.1.250,172.30.1.1,UDP,1308
Teams,911,43.437948,172.30.1.250,172.30.1.1,UDP,1308
Teams,912,43.438123,172.30.1.250,172.30.1.1,UDP,1308
Teams,913,43.465250,172.30.1.250,172.30.1.1,UDP,180
Teams,914,43.694753,172.30.1.250,172.30.1.1,UDP,192
Teams,915,43.695669,172.30.1.250,172.30.1.1,UDP,192
Teams,916,43.696076,172.30.1.250,172.30.1.1,UDP,192
Teams,917,43.730927,172.30.1.250,172.30.1.1,UDP,180
Teams,918,43.743955,172.30.1.250,172.30.1.1,UDP,192
Teams,919,44.099432,172.30.1.250,172.30.1.1,UDP,180
Teams,920,44.195348,172.30.1.250,172.30.1.1,STUN,296
Teams,921,44.196213,172.30.1.250,172.30.1.1,STUN,296
Teams,922,44.196395,172.30.1.250,172.30.1.1,STUN,296
Teams,923,44.246334,172.30.1.250,172.30.1.1,STUN,260
Teams,924,44.253067,172.30.1.250,172.30.1.1,STUN,296
Teams,925,44.253880,172.30.1.250,172.30.1.1,STUN,260
Teams,926,44.254651,172.30.1.250,172.30.1.1,STUN,260
Teams,927,44.301129,172.30.1.250,172.30.1.1,STUN,260
Teams,928,44.646733,172.30.1.250,172.30.1.1,UDP,168
Teams,929,44.703030,172.30.1.250,172.30.1.1,UDP,192
Teams,930,44.764551,172.30.1.250,172.30.1.1,UDP,192
Teams,931,44.765171,172.30.1.250,172.30.1.1,UDP,192
Teams,932,44.835984,172.30.1.250,172.30.1.1,UDP,216
Teams,933,44.917631,172.30.1.250,172.30.1.1,UDP,180
Teams,934,45.683301,172.30.1.250,172.30.1.1,UDP,192
Teams,935,45.736320,172.30.1.250,172.30.1.1,UDP,168
Teams,936,45.738465,172.30.1.250,172.30.1.1,UDP,168
Teams,937,45.739427,172.30.1.250,172.30.1.1,UDP,168
Teams,938,46.435746,172.30.1.250,172.30.1.1,UDP,132
Teams,939,46.436617,172.30.1.250,172.30.1.1,UDP,1308
Teams,940,46.436940,172.30.1.250,172.30.1.1,UDP,1308
Teams,941,46.438286,172.30.1.250,172.30.1.1,UDP,1308
Teams,942,46.438458,172.30.1.250,172.30.1.1,UDP,1308
Teams,943,46.718144,172.30.1.250,172.30.1.1,UDP,192
Teams,944,46.777788,172.30.1.250,172.30.1.1,UDP,192
Teams,945,46.778595,172.30.1.250,172.30.1.1,UDP,192
Teams,946,46.778773,172.30.1.250,172.30.1.1,UDP,192
Teams,947,47.182714,172.30.1.250,172.30.1.1,UDP,180
Teams,948,47.681860,172.30.1.250,172.30.1.1,UDP,216
Teams,949,47.762422,172.30.1.250,172.30.1.1,UDP,192
Teams,950,47.821795,172.30.1.250,172.30.1.1,UDP,192
Teams,951,47.822500,172.30.1.250,172.30.1.1,UDP,192
Teams,952,47.822796,172.30.1.250,172.30.1.1,UDP,192
Teams,953,48.737006,172.30.1.250,172.30.1.1,UDP,180
Teams,954,48.793634,172.30.1.250,172.30.1.1,UDP,192
Teams,955,48.856351,172.30.1.250,172.30.1.1,UDP,192
Teams,956,48.857445,172.30.1.250,172.30.1.1,UDP,192
Teams,957,48.857777,172.30.1.250,172.30.1.1,UDP,192
Teams,958,49.449223,172.30.1.250,172.30.1.1,UDP,132
Teams,959,49.450516,172.30.1.250,172.30.1.1,UDP,1308
Teams,960,49.450948,172.30.1.250,172.30.1.1,UDP,1308
Teams,961,49.451262,172.30.1.250,172.30.1.1,UDP,1308
Teams,962,49.451528,172.30.1.250,172.30.1.1,UDP,1308
Teams,963,49.718271,172.30.1.250,172.30.1.1,UDP,168
Teams,964,49.889022,172.30.1.250,172.30.1.1,UDP,192
Teams,965,49.890317,172.30.1.250,172.30.1.1,UDP,192
Teams,966,49.891016,172.30.1.250,172.30.1.1,UDP,192
Teams,967,50.324127,172.30.1.250,172.30.1.1,UDP,180
Teams,968,50.718726,172.30.1.250,172.30.1.1,UDP,216
Teams,969,50.731226,172.30.1.250,172.30.1.1,UDP,168
Teams,970,50.732925,172.30.1.250,172.30.1.1,UDP,168
Teams,971,50.733851,172.30.1.250,172.30.1.1,UDP,192
Teams,972,50.783784,172.30.1.250,172.30.1.1,UDP,168
Teams,973,51.772121,172.30.1.250,172.30.1.1,UDP,192
Teams,974,51.773197,172.30.1.250,172.30.1.1,UDP,192
Teams,975,51.774082,172.30.1.250,172.30.1.1,UDP,192
Teams,976,51.819096,172.30.1.250,172.30.1.1,UDP,192
Teams,977,52.468875,172.30.1.250,172.30.1.1,UDP,132
Teams,978,52.473163,172.30.1.250,172.30.1.1,UDP,1308
Teams,979,52.474013,172.30.1.250,172.30.1.1,UDP,1308
Teams,980,52.474308,172.30.1.250,172.30.1.1,UDP,1308
Teams,981,52.474576,172.30.1.250,172.30.1.1,UDP,1308
Teams,982,52.798873,172.30.1.250,172.30.1.1,UDP,192
Teams,983,52.799872,172.30.1.250,172.30.1.1,UDP,192
Teams,984,52.800178,172.30.1.250,172.30.1.1,UDP,192
Teams,985,52.858601,172.30.1.250,172.30.1.1,UDP,192
Teams,986,52.893176,172.30.1.250,172.30.1.1,UDP,180
Teams,987,53.193938,172.30.1.250,172.30.1.1,UDP,180
Teams,988,53.784465,172.30.1.250,172.30.1.1,UDP,216
Teams,989,53.823032,172.30.1.250,172.30.1.1,UDP,192
Teams,990,53.823310,172.30.1.250,172.30.1.1,UDP,192
Teams,991,53.823481,172.30.1.250,172.30.1.1,UDP,192
Teams,992,53.871094,172.30.1.250,172.30.1.1,UDP,192
Teams,993,54.384212,172.30.1.250,172.30.1.1,UDP,180
Teams,994,54.848842,172.30.1.250,172.30.1.1,UDP,192
Teams,995,54.850192,172.30.1.250,172.30.1.1,UDP,192
Teams,996,54.850963,172.30.1.250,172.30.1.1,UDP,168
Teams,997,54.904871,172.30.1.250,172.30.1.1,UDP,192
Teams,998,55.469710,172.30.1.250,172.30.1.1,UDP,132
Teams,999,55.470793,172.30.1.250,172.30.1.1,UDP,1308
Teams,1000,55.471111,172.30.1.250,172.30.1.1,UDP,1308
Teams,1001,55.471731,172.30.1.250,172.30.1.1,UDP,1308
Teams,1002,55.472273,172.30.1.250,172.30.1.1,UDP,1308
Teams,1003,55.758418,172.30.1.250,172.30.1.1,UDP,168
Teams,1004,55.808437,172.30.1.250,172.30.1.1,UDP,168
Teams,1005,55.855822,172.30.1.250,172.30.1.1,UDP,180
Teams,1006,55.872255,172.30.1.250,172.30.1.1,UDP,168
Teams,1007,55.872660,172.30.1.250,172.30.1.1,UDP,192
Teams,1008,56.814652,172.30.1.250,172.30.1.1,UDP,192
Teams,1009,56.863496,172.30.1.250,172.30.1.1,UDP,192
Teams,1010,56.922998,172.30.1.250,172.30.1.1,UDP,192
Teams,1011,56.923421,172.30.1.250,172.30.1.1,UDP,192
Teams,1012,57.005761,172.30.1.250,172.30.1.1,UDP,216
Teams,1013,57.063318,172.30.1.250,172.30.1.1,UDP,180
Teams,1014,57.828673,172.30.1.250,172.30.1.1,UDP,192
Teams,1015,57.886072,172.30.1.250,172.30.1.1,UDP,192
Teams,1016,57.946636,172.30.1.250,172.30.1.1,UDP,192
Teams,1017,57.947069,172.30.1.250,172.30.1.1,UDP,192
Teams,1018,58.479977,172.30.1.250,172.30.1.1,UDP,132
Teams,1019,58.480577,172.30.1.250,172.30.1.1,UDP,1308
Teams,1020,58.481095,172.30.1.250,172.30.1.1,UDP,1308
Teams,1021,58.481563,172.30.1.250,172.30.1.1,UDP,1308
Teams,1022,58.481999,172.30.1.250,172.30.1.1,UDP,1308
Teams,1023,58.878104,172.30.1.250,172.30.1.1,UDP,192
Teams,1024,58.935343,172.30.1.250,172.30.1.1,UDP,192
Teams,1025,58.994613,172.30.1.250,172.30.1.1,UDP,192
Teams,1026,58.995150,172.30.1.250,172.30.1.1,UDP,192
Teams,1027,59.414316,172.30.1.250,172.30.1.1,UDP,180
Teams,1028,59.910239,172.30.1.250,172.30.1.1,UDP,192
Teams,1029,59.969829,172.30.1.250,172.30.1.1,UDP,192
Teams,1030,59.970937,172.30.1.250,172.30.1.1,UDP,168
Teams,1031,60.029113,172.30.1.250,172.30.1.1,UDP,192
Teams,1032,60.087522,172.30.1.250,172.30.1.1,UDP,180
Teams,1033,60.409654,172.30.1.250,172.30.1.1,UDP,180
Teams,1034,60.948673,172.30.1.250,172.30.1.1,UDP,168
Teams,1035,60.949712,172.30.1.250,172.30.1.1,UDP,168
Teams,1036,60.997449,172.30.1.250,172.30.1.1,UDP,192
Teams,1037,61.055773,172.30.1.250,172.30.1.1,UDP,192
Teams,1038,61.115339,172.30.1.250,172.30.1.1,UDP,168
Teams,1039,61.297685,172.30.1.1,172.30.1.250,TLSv1.2,132
Teams,1040,61.298085,172.30.1.250,172.30.1.1,TCP,88
Teams,1041,61.356952,172.30.1.250,172.30.1.1,TLSv1.2,128
Teams,1042,61.358496,172.30.1.1,172.30.1.250,TCP,88
Teams,1043,61.362670,172.30.1.1,172.30.1.250,TLSv1.2,132
Teams,1044,61.362911,172.30.1.250,172.30.1.1,TCP,88
Teams,1045,61.448685,172.30.1.250,172.30.1.1,TLSv1.2,884
Teams,1046,61.449776,172.30.1.1,172.30.1.250,TCP,88
Teams,1047,61.453657,172.30.1.1,172.30.1.250,TLSv1.2,852
Teams,1048,61.453937,172.30.1.250,172.30.1.1,TCP,88
Teams,1049,61.454152,172.30.1.1,172.30.1.250,TLSv1.2,120
Teams,1050,61.454216,172.30.1.250,172.30.1.1,TCP,88
Teams,1051,61.480745,172.30.1.250,172.30.1.1,UDP,132
Teams,1052,61.480933,172.30.1.250,172.30.1.1,UDP,1308
Teams,1053,61.481055,172.30.1.250,172.30.1.1,UDP,1308
Teams,1054,61.481177,172.30.1.250,172.30.1.1,UDP,1308
Teams,1055,61.481493,172.30.1.250,172.30.1.1,UDP,1308
Teams,1056,61.509925,172.30.1.250,172.30.1.1,TLSv1.2,884
Teams,1057,61.510239,172.30.1.1,172.30.1.250,TCP,88
Teams,1058,61.516570,172.30.1.1,172.30.1.250,TLSv1.2,852
Teams,1059,61.516827,172.30.1.250,172.30.1.1,TCP,88
Teams,1060,61.517037,172.30.1.1,172.30.1.250,TLSv1.2,120
Teams,1061,61.517112,172.30.1.250,172.30.1.1,TCP,88
Teams,1062,61.572540,172.30.1.250,172.30.1.1,TLSv1.2,128
Teams,1063,61.575164,172.30.1.1,172.30.1.250,TCP,88
Teams,1064,62.010810,172.30.1.250,172.30.1.1,UDP,192
Teams,1065,62.011912,172.30.1.250,172.30.1.1,UDP,192
Teams,1066,62.012346,172.30.1.250,172.30.1.1,UDP,192
Teams,1067,62.169573,172.30.1.250,172.30.1.1,UDP,192
Teams,1068,62.470875,172.30.1.250,172.30.1.1,UDP,216
Teams,1069,63.030272,172.30.1.250,172.30.1.1,UDP,192
Teams,1070,63.031849,172.30.1.250,172.30.1.1,UDP,192
Teams,1071,63.032252,172.30.1.250,172.30.1.1,UDP,192
Teams,1072,63.203530,172.30.1.250,172.30.1.1,UDP,192
Teams,1073,63.518028,172.30.1.250,172.30.1.1,UDP,180
Teams,1074,63.519249,172.30.1.250,172.30.1.1,UDP,180
Teams,1075,64.073900,172.30.1.250,172.30.1.1,UDP,192
Teams,1076,64.075194,172.30.1.250,172.30.1.1,UDP,192
Teams,1077,64.075834,172.30.1.250,172.30.1.1,UDP,192
Teams,1078,64.246022,172.30.1.250,172.30.1.1,UDP,192
Teams,1079,64.467812,172.30.1.250,172.30.1.1,STUN,296
Teams,1080,64.505405,172.30.1.250,172.30.1.1,UDP,132
Teams,1081,64.505672,172.30.1.250,172.30.1.1,UDP,1308
Teams,1082,64.505826,172.30.1.250,172.30.1.1,UDP,1308
Teams,1083,64.505966,172.30.1.250,172.30.1.1,UDP,1308
Teams,1084,64.506104,172.30.1.250,172.30.1.1,UDP,1308
Teams,1085,64.528654,172.30.1.250,172.30.1.1,STUN,296
Teams,1086,64.529121,172.30.1.250,172.30.1.1,STUN,296
Teams,1087,64.586032,172.30.1.250,172.30.1.1,STUN,296
Teams,1088,64.607013,172.30.1.250,172.30.1.1,STUN,260
Teams,1089,64.692226,172.30.1.250,172.30.1.1,STUN,260
Teams,1090,64.692758,172.30.1.250,172.30.1.1,STUN,260
Teams,1091,64.693097,172.30.1.250,172.30.1.1,STUN,260
Teams,1092,64.837872,172.30.1.250,172.30.1.1,UDP,180
Teams,1093,64.931185,172.30.1.250,172.30.1.1,UDP,168
Teams,1094,65.104954,172.30.1.250,172.30.1.1,UDP,192
Teams,1095,65.105703,172.30.1.250,172.30.1.1,UDP,192
Teams,1096,65.279374,172.30.1.250,172.30.1.1,UDP,192
Teams,1097,65.697547,172.30.1.250,172.30.1.1,UDP,216
Teams,1098,65.864615,172.30.1.250,172.30.1.1,UDP,180
Teams,1099,65.926128,172.30.1.250,172.30.1.1,UDP,168
Teams,1100,65.927258,172.30.1.250,172.30.1.1,TCP,88
Teams,1101,65.928362,172.30.1.250,172.30.1.1,TCP,88
Teams,1102,65.929102,172.30.1.250,172.30.1.1,TCP,88
Teams,1103,65.929958,172.30.1.250,172.30.1.1,TCP,88
Teams,1104,65.930360,172.30.1.250,172.30.1.1,TCP,88
Teams,1105,65.985207,172.30.1.250,172.30.1.1,UDP,168
Teams,1106,65.986447,172.30.1.250,172.30.1.1,UDP,192
Teams,1107,66.095942,172.30.1.250,172.30.1.1,UDP,168
Teams,1108,66.960616,172.30.1.250,172.30.1.1,UDP,192
Teams,1109,67.021553,172.30.1.250,172.30.1.1,UDP,192
Teams,1110,67.022021,172.30.1.250,172.30.1.1,UDP,192
Teams,1111,67.134569,172.30.1.250,172.30.1.1,UDP,192
Teams,1112,67.469787,172.30.1.250,172.30.1.1,UDP,180
Teams,1113,67.516611,172.30.1.250,172.30.1.1,UDP,132
Teams,1114,67.516977,172.30.1.250,172.30.1.1,UDP,1308
Teams,1115,67.517498,172.30.1.250,172.30.1.1,UDP,1308
Teams,1116,67.517779,172.30.1.250,172.30.1.1,UDP,1308
Teams,1117,67.518328,172.30.1.250,172.30.1.1,UDP,1308
Teams,1118,67.983208,172.30.1.250,172.30.1.1,UDP,192
Teams,1119,68.044042,172.30.1.250,172.30.1.1,UDP,192
Teams,1120,68.044323,172.30.1.250,172.30.1.1,UDP,192
Teams,1121,68.158827,172.30.1.250,172.30.1.1,UDP,192
Teams,1122,69.010033,172.30.1.250,172.30.1.1,UDP,192
Teams,1123,69.064437,172.30.1.250,172.30.1.1,UDP,192
Teams,1124,69.064897,172.30.1.250,172.30.1.1,UDP,192
Teams,1125,69.179440,172.30.1.250,172.30.1.1,UDP,192
Teams,1126,69.351997,172.30.1.250,172.30.1.1,UDP,180
Teams,1127,69.771018,172.30.1.250,172.30.1.1,UDP,180
Teams,1128,70.038239,172.30.1.250,172.30.1.1,UDP,192
Teams,1129,70.040216,172.30.1.250,172.30.1.1,UDP,168
Teams,1130,70.090180,172.30.1.250,172.30.1.1,UDP,192
Teams,1131,70.197917,172.30.1.250,172.30.1.1,UDP,192
Teams,1132,70.359973,172.30.1.250,172.30.1.1,UDP,180
Teams,1133,70.524711,172.30.1.250,172.30.1.1,UDP,132
Teams,1134,70.525696,172.30.1.250,172.30.1.1,UDP,1308
Teams,1135,70.526077,172.30.1.250,172.30.1.1,UDP,1308
Teams,1136,70.526479,172.30.1.250,172.30.1.1,UDP,1308
Teams,1137,70.526730,172.30.1.250,172.30.1.1,UDP,1308
Teams,1138,70.708411,172.30.1.250,172.30.1.1,UDP,216
Teams,1139,71.069888,172.30.1.250,172.30.1.1,UDP,168
Teams,1140,71.070935,172.30.1.250,172.30.1.1,UDP,168
Teams,1141,71.071233,172.30.1.250,172.30.1.1,UDP,192
Teams,1142,71.174068,172.30.1.250,172.30.1.1,UDP,168
Teams,1143,72.090714,172.30.1.250,172.30.1.1,UDP,192
Teams,1144,72.092632,172.30.1.250,172.30.1.1,UDP,192
Teams,1145,72.092954,172.30.1.250,172.30.1.1,UDP,192
Teams,1146,72.209761,172.30.1.250,172.30.1.1,UDP,192
Teams,1147,72.387526,172.30.1.250,172.30.1.1,UDP,180
Teams,1148,72.479954,172.30.1.250,172.30.1.1,UDP,180
Teams,1149,73.140507,172.30.1.250,172.30.1.1,UDP,192
Teams,1150,73.142581,172.30.1.250,172.30.1.1,UDP,192
Teams,1151,73.142902,172.30.1.250,172.30.1.1,UDP,192
Teams,1152,73.143381,172.30.1.250,172.30.1.1,UDP,180
Teams,1153,73.254447,172.30.1.250,172.30.1.1,UDP,192
Teams,1154,73.529676,172.30.1.250,172.30.1.1,UDP,132
Teams,1155,73.530027,172.30.1.250,172.30.1.1,UDP,1308
Teams,1156,73.530175,172.30.1.250,172.30.1.1,UDP,1308
Teams,1157,73.530307,172.30.1.250,172.30.1.1,UDP,1308
Teams,1158,73.530442,172.30.1.250,172.30.1.1,UDP,1308
Teams,1159,74.010769,172.30.1.250,172.30.1.1,UDP,216
Teams,1160,74.174082,172.30.1.250,172.30.1.1,UDP,192
Teams,1161,74.174818,172.30.1.250,172.30.1.1,UDP,192
Teams,1162,74.175131,172.30.1.250,172.30.1.1,UDP,192
Teams,1163,74.288896,172.30.1.250,172.30.1.1,UDP,192
Teams,1164,75.155222,172.30.1.250,172.30.1.1,UDP,168
Teams,1165,75.206062,172.30.1.250,172.30.1.1,UDP,192
Teams,1166,75.206773,172.30.1.250,172.30.1.1,UDP,192
Teams,1167,75.323368,172.30.1.250,172.30.1.1,UDP,192
Teams,1168,76.119572,172.30.1.250,172.30.1.1,UDP,168
Teams,1169,76.120685,172.30.1.250,172.30.1.1,UDP,168
Teams,1170,76.169448,172.30.1.250,172.30.1.1,UDP,192
Teams,1171,76.228101,172.30.1.250,172.30.1.1,UDP,168
Teams,1172,76.345814,172.30.1.250,172.30.1.1,UDP,180
Teams,1173,76.530274,172.30.1.250,172.30.1.1,UDP,132
Teams,1174,76.531074,172.30.1.250,172.30.1.1,UDP,1308
Teams,1175,76.531682,172.30.1.250,172.30.1.1,UDP,1308
Teams,1176,76.532101,172.30.1.250,172.30.1.1,UDP,1308
Teams,1177,76.532367,172.30.1.250,172.30.1.1,UDP,1308
Teams,1178,77.151700,172.30.1.250,172.30.1.1,UDP,192
Teams,1179,77.152870,172.30.1.250,172.30.1.1,UDP,192
Teams,1180,77.210341,172.30.1.250,172.30.1.1,UDP,192
Teams,1181,77.223311,172.30.1.250,172.30.1.1,UDP,180
Teams,1182,77.269906,172.30.1.250,172.30.1.1,UDP,192
Teams,1183,77.967067,172.30.1.250,172.30.1.1,UDP,216
Teams,1184,78.186439,172.30.1.250,172.30.1.1,UDP,192
Teams,1185,78.186885,172.30.1.250,172.30.1.1,UDP,192
Teams,1186,78.244745,172.30.1.250,172.30.1.1,UDP,192
Teams,1187,78.301916,172.30.1.250,172.30.1.1,UDP,192
Teams,1188,78.624901,172.30.1.250,172.30.1.1,UDP,180
Teams,1189,79.235413,172.30.1.250,172.30.1.1,UDP,192
Teams,1190,79.236561,172.30.1.250,172.30.1.1,UDP,192
Teams,1191,79.295420,172.30.1.250,172.30.1.1,UDP,192
Teams,1192,79.354226,172.30.1.250,172.30.1.1,UDP,192
Teams,1193,79.539115,172.30.1.250,172.30.1.1,UDP,132
Teams,1194,79.540026,172.30.1.250,172.30.1.1,UDP,1308
Teams,1195,79.540336,172.30.1.250,172.30.1.1,UDP,1308
Teams,1196,79.540876,172.30.1.250,172.30.1.1,UDP,1308
Teams,1197,79.541132,172.30.1.250,172.30.1.1,UDP,1308
Teams,1198,79.891319,172.30.1.250,172.30.1.1,UDP,180
Teams,1199,80.149679,172.30.1.250,172.30.1.1,UDP,168
Teams,1200,80.260879,172.30.1.250,172.30.1.1,UDP,192
Teams,1201,80.261429,172.30.1.250,172.30.1.1,UDP,192
Teams,1202,80.379645,172.30.1.250,172.30.1.1,UDP,192
Teams,1203,80.555519,172.30.1.250,172.30.1.1,UDP,216
Teams,1204,81.188871,172.30.1.250,172.30.1.1,UDP,192
Teams,1205,81.241873,172.30.1.250,172.30.1.1,UDP,168
Teams,1206,81.242331,172.30.1.250,172.30.1.1,UDP,168
Teams,1207,81.293595,172.30.1.250,172.30.1.1,UDP,168
Teams,1208,81.364807,172.30.1.1,172.30.1.250,TLSv1.2,132
Teams,1209,81.365177,172.30.1.250,172.30.1.1,TCP,88
Teams,1210,81.416713,172.30.1.250,172.30.1.1,TLSv1.2,128
Teams,1211,81.418805,172.30.1.1,172.30.1.250,TCP,88
Teams,1212,81.578964,172.30.1.1,172.30.1.250,TLSv1.2,132
Teams,1213,81.579591,172.30.1.250,172.30.1.1,TCP,88
Teams,1214,81.587373,172.30.1.250,172.30.1.1,TLSv1.2,884
Teams,1215,81.587581,172.30.1.1,172.30.1.250,TCP,88
Teams,1216,81.591098,172.30.1.1,172.30.1.250,TLSv1.2,852
Teams,1217,81.591280,172.30.1.250,172.30.1.1,TCP,88
Teams,1218,81.591445,172.30.1.1,172.30.1.250,TLSv1.2,120
Teams,1219,81.591497,172.30.1.250,172.30.1.1,TCP,88
Teams,1220,81.638792,172.30.1.250,172.30.1.1,TLSv1.2,128
Teams,1221,81.640334,172.30.1.1,172.30.1.250,TCP,88
Teams,1222,81.656894,172.30.1.250,172.30.1.1,TLSv1.2,884
Teams,1223,81.657583,172.30.1.1,172.30.1.250,TCP,88
Teams,1224,81.662847,172.30.1.1,172.30.1.250,TLSv1.2,852
Teams,1225,81.663133,172.30.1.250,172.30.1.1,TCP,88
Teams,1226,81.663368,172.30.1.1,172.30.1.250,TLSv1.2,120
Teams,1227,81.663445,172.30.1.250,172.30.1.1,TCP,88
Teams,1228,82.056497,172.30.1.1,172.30.1.250,TLSv1.2,1808
Teams,1229,82.056778,172.30.1.250,172.30.1.1,TCP,88
Teams,1230,82.056989,172.30.1.1,172.30.1.250,TLSv1.2,260
Teams,1231,82.057029,172.30.1.250,172.30.1.1,TCP,88
Teams,1232,82.225361,172.30.1.250,172.30.1.1,UDP,192
Teams,1233,82.275833,172.30.1.250,172.30.1.1,TLSv1.2,592
Teams,1234,82.275949,172.30.1.1,172.30.1.250,TCP,88
Teams,1235,82.277306,172.30.1.250,172.30.1.1,UDP,192
Teams,1236,82.277369,172.30.1.250,172.30.1.1,UDP,192
Teams,1237,82.329519,172.30.1.250,172.30.1.1,UDP,192
Teams,1238,82.337437,172.30.1.250,172.30.1.1,TLSv1.2,3132
Teams,1239,82.338511,172.30.1.1,172.30.1.250,TLSv1.2,336
Teams,1240,82.338704,172.30.1.250,172.30.1.1,TCP,88
Teams,1241,82.346133,172.30.1.250,172.30.1.1,TLSv1.2,3132
Teams,1242,82.347457,172.30.1.1,172.30.1.250,TLSv1.2,336
Teams,1243,82.347541,172.30.1.250,172.30.1.1,TCP,88
Teams,1244,82.546327,172.30.1.250,172.30.1.1,UDP,132
Teams,1245,82.546624,172.30.1.250,172.30.1.1,UDP,1308
Teams,1246,82.546692,172.30.1.250,172.30.1.1,UDP,1308
Teams,1247,82.546748,172.30.1.250,172.30.1.1,UDP,1308
Teams,1248,82.546803,172.30.1.250,172.30.1.1,UDP,1308
Teams,1249,83.125850,172.30.1.250,172.30.1.1,UDP,180
Teams,1250,83.212656,172.30.1.250,172.30.1.1,UDP,216
Teams,1251,83.265723,172.30.1.250,172.30.1.1,UDP,192
Teams,1252,83.319524,172.30.1.250,172.30.1.1,UDP,192
Teams,1253,83.320400,172.30.1.250,172.30.1.1,UDP,192
Teams,1254,83.374469,172.30.1.250,172.30.1.1,UDP,192
Teams,1255,84.197511,172.30.1.250,172.30.1.1,UDP,180
Teams,1256,84.306961,172.30.1.250,172.30.1.1,UDP,192
Teams,1257,84.361464,172.30.1.250,172.30.1.1,UDP,192
Teams,1258,84.362072,172.30.1.250,172.30.1.1,UDP,192
Teams,1259,84.417905,172.30.1.250,172.30.1.1,UDP,192
Teams,1260,84.700702,172.30.1.250,172.30.1.1,UDP,180
Teams,1261,84.797924,172.30.1.250,172.30.1.1,STUN,296
Teams,1262,84.844308,172.30.1.250,172.30.1.1,STUN,260
Teams,1263,84.854702,172.30.1.250,172.30.1.1,STUN,296
Teams,1264,84.855044,172.30.1.250,172.30.1.1,STUN,296
Teams,1265,84.897166,172.30.1.250,172.30.1.1,STUN,260
Teams,1266,84.901324,172.30.1.250,172.30.1.1,STUN,260
Teams,1267,84.910162,172.30.1.250,172.30.1.1,STUN,296
Teams,1268,84.951950,172.30.1.250,172.30.1.1,STUN,260
Teams,1269,85.291372,172.30.1.250,172.30.1.1,UDP,168
Teams,1270,85.399079,172.30.1.250,172.30.1.1,UDP,192
Teams,1271,85.399321,172.30.1.250,172.30.1.1,UDP,192
Teams,1272,85.453924,172.30.1.250,172.30.1.1,UDP,192
Teams,1273,85.552126,172.30.1.250,172.30.1.1,UDP,132
Teams,1274,85.552428,172.30.1.250,172.30.1.1,UDP,1308
Teams,1275,85.552605,172.30.1.250,172.30.1.1,UDP,1308
Teams,1276,85.552683,172.30.1.250,172.30.1.1,UDP,1308
Teams,1277,85.552755,172.30.1.250,172.30.1.1,UDP,1308
Teams,1278,86.335591,172.30.1.250,172.30.1.1,UDP,168
Teams,1279,86.335783,172.30.1.250,172.30.1.1,UDP,168
Teams,1280,86.336261,172.30.1.250,172.30.1.1,UDP,168
Teams,1281,86.336403,172.30.1.250,172.30.1.1,UDP,192
Teams,1282,87.367605,172.30.1.250,172.30.1.1,UDP,192
Teams,1283,87.368075,172.30.1.250,172.30.1.1,UDP,192
Teams,1284,87.368199,172.30.1.250,172.30.1.1,UDP,192
Teams,1285,87.368301,172.30.1.250,172.30.1.1,UDP,192
Teams,1286,87.767450,172.30.1.250,172.30.1.1,UDP,216
Teams,1287,87.911819,172.30.1.250,172.30.1.1,UDP,180
Teams,1288,88.348198,172.30.1.250,172.30.1.1,UDP,180
Teams,1289,88.403235,172.30.1.250,172.30.1.1,UDP,192
Teams,1290,88.403395,172.30.1.250,172.30.1.1,UDP,192
Teams,1291,88.403463,172.30.1.250,172.30.1.1,UDP,192
Teams,1292,88.403525,172.30.1.250,172.30.1.1,UDP,192
Teams,1293,88.566730,172.30.1.250,172.30.1.1,UDP,132
Teams,1294,88.567165,172.30.1.250,172.30.1.1,UDP,1308
Teams,1295,88.567298,172.30.1.250,172.30.1.1,UDP,1308
Teams,1296,88.567386,172.30.1.250,172.30.1.1,UDP,1308
Teams,1297,88.567466,172.30.1.250,172.30.1.1,UDP,1308
Teams,1298,89.433160,172.30.1.250,172.30.1.1,UDP,192
Teams,1299,89.433949,172.30.1.250,172.30.1.1,UDP,192
Teams,1300,89.434148,172.30.1.250,172.30.1.1,UDP,192
Teams,1301,89.435346,172.30.1.250,172.30.1.1,UDP,192
Teams,1302,90.235664,172.30.1.250,172.30.1.1,UDP,180
Teams,1303,90.351578,172.30.1.250,172.30.1.1,UDP,168
Teams,1304,90.366527,172.30.1.1,172.30.1.250,DNS,112
Teams,1305,90.368846,172.30.1.1,172.30.1.250,DNS,112
Teams,1306,90.426087,172.30.1.250,172.30.1.1,DNS,268
Teams,1307,90.428873,172.30.1.1,172.30.1.250,TCP,108
Teams,1308,90.430137,172.30.1.1,172.30.1.250,TCP,108
Teams,1309,90.430884,172.30.1.250,172.30.1.1,DNS,268
Teams,1310,90.432281,172.30.1.1,172.30.1.250,TCP,108
Teams,1311,90.455863,172.30.1.250,172.30.1.1,UDP,192
Teams,1312,90.456077,172.30.1.250,172.30.1.1,UDP,192
Teams,1313,90.456146,172.30.1.250,172.30.1.1,UDP,192
Teams,1314,90.476992,172.30.1.250,172.30.1.1,TCP,96
Teams,1315,90.477240,172.30.1.1,172.30.1.250,TCP,88
Teams,1316,90.477324,172.30.1.250,172.30.1.1,TCP,96
Teams,1317,90.477478,172.30.1.1,172.30.1.250,TCP,88
Teams,1318,90.478644,172.30.1.1,172.30.1.250,TLSv1.3,816
Teams,1319,90.478851,172.30.1.250,172.30.1.1,TCP,88
Teams,1320,90.478893,172.30.1.1,172.30.1.250,TLSv1.3,604
Teams,1321,90.478972,172.30.1.250,172.30.1.1,TCP,88
Teams,1322,90.480176,172.30.1.250,172.30.1.1,TCP,96
Teams,1323,90.480233,172.30.1.1,172.30.1.250,TCP,88
Teams,1324,90.481279,172.30.1.1,172.30.1.250,TLSv1.3,604
Teams,1325,90.481370,172.30.1.250,172.30.1.1,TCP,88
Teams,1326,90.486819,172.30.1.250,172.30.1.1,UDP,180
Teams,1327,90.615446,172.30.1.250,172.30.1.1,TLSv1.3,188
Teams,1328,90.615666,172.30.1.1,172.30.1.250,TCP,88
Teams,1329,90.616613,172.30.1.1,172.30.1.250,TLSv1.3,888
Teams,1330,90.616706,172.30.1.250,172.30.1.1,TCP,88
Teams,1331,90.666786,172.30.1.250,172.30.1.1,TLSv1.3,188
Teams,1332,90.666984,172.30.1.1,172.30.1.250,TCP,88
Teams,1333,90.667890,172.30.1.1,172.30.1.250,TLSv1.3,436
Teams,1334,90.667964,172.30.1.250,172.30.1.1,TCP,88
Teams,1335,90.803501,172.30.1.250,172.30.1.1,TLSv1.3,188
Teams,1336,90.804065,172.30.1.1,172.30.1.250,TCP,88
Teams,1337,90.810511,172.30.1.1,172.30.1.250,TLSv1.3,436
Teams,1338,90.810638,172.30.1.250,172.30.1.1,TCP,88
Teams,1339,90.864721,172.30.1.250,172.30.1.1,TLSv1.3,380
Teams,1340,90.868125,172.30.1.1,172.30.1.250,TLSv1.3,160
Teams,1341,90.868239,172.30.1.250,172.30.1.1,TCP,88
Teams,1342,90.869101,172.30.1.1,172.30.1.250,TLSv1.3,132
Teams,1343,90.869187,172.30.1.250,172.30.1.1,TCP,88
Teams,1344,90.869386,172.30.1.1,172.30.1.250,TLSv1.3,160
Teams,1345,90.869556,172.30.1.250,172.30.1.1,TCP,88
Teams,1346,90.878332,172.30.1.1,172.30.1.250,TLSv1.3,3276
Teams,1347,90.878465,172.30.1.250,172.30.1.1,TCP,88
Teams,1348,90.893494,172.30.1.250,172.30.1.1,TLSv1.3,5480
Teams,1349,90.895795,172.30.1.250,172.30.1.1,TLSv1.3,668
Teams,1350,90.896031,172.30.1.1,172.30.1.250,TCP,88
Teams,1351,90.907954,172.30.1.1,172.30.1.250,TLSv1.3,160
Teams,1352,90.908149,172.30.1.250,172.30.1.1,TCP,88
Teams,1353,90.909674,172.30.1.1,172.30.1.250,TLSv1.3,132
Teams,1354,90.910777,172.30.1.250,172.30.1.1,TCP,88
Teams,1355,90.910926,172.30.1.1,172.30.1.250,TLSv1.3,184
Teams,1356,90.911016,172.30.1.250,172.30.1.1,TCP,88
Teams,1357,90.913002,172.30.1.1,172.30.1.250,TLSv1.3,3276
Teams,1358,90.913102,172.30.1.250,172.30.1.1,TCP,88
Teams,1359,90.924415,172.30.1.250,172.30.1.1,TLSv1.3,148
Teams,1360,90.925280,172.30.1.1,172.30.1.250,TLSv1.3,120
Teams,1361,90.925429,172.30.1.250,172.30.1.1,TCP,88
Teams,1362,90.927713,172.30.1.250,172.30.1.1,TLSv1.3,6060
Teams,1363,90.935121,172.30.1.1,172.30.1.250,TLSv1.3,160
Teams,1364,90.935606,172.30.1.250,172.30.1.1,TCP,88
Teams,1365,90.935860,172.30.1.1,172.30.1.250,TLSv1.3,204
Teams,1366,90.935978,172.30.1.250,172.30.1.1,TCP,88
Teams,1367,90.936061,172.30.1.1,172.30.1.250,TLSv1.3,112
Teams,1368,90.936079,172.30.1.250,172.30.1.1,TCP,88
Teams,1369,90.939401,172.30.1.1,172.30.1.250,TLSv1.3,3276
Teams,1370,90.939522,172.30.1.250,172.30.1.1,TCP,88
Teams,1371,90.967727,172.30.1.250,172.30.1.1,TLSv1.3,120
Teams,1372,91.009596,172.30.1.1,172.30.1.250,TCP,88
Teams,1373,91.020585,172.30.1.250,172.30.1.1,TLSv1.3,608
Teams,1374,91.020909,172.30.1.1,172.30.1.250,TCP,88
Teams,1375,91.020965,172.30.1.250,172.30.1.1,TCP,88
Teams,1376,91.074285,172.30.1.250,172.30.1.1,UDP,212
Teams,1377,91.088109,172.30.1.250,172.30.1.1,TLSv1.3,640
Teams,1378,91.088441,172.30.1.1,172.30.1.250,TCP,88
Teams,1379,91.088681,172.30.1.250,172.30.1.1,TCP,88
Teams,1380,91.171406,172.30.1.250,172.30.1.1,UDP,148
Teams,1381,91.182287,172.30.1.250,172.30.1.1,UDP,212
Teams,1382,91.203853,172.30.1.250,172.30.1.1,UDP,316
Teams,1383,91.302801,172.30.1.250,172.30.1.1,UDP,168
Teams,1384,91.357361,172.30.1.250,172.30.1.1,UDP,168
Teams,1385,91.377910,172.30.1.1,172.30.1.250,DNS,120
Teams,1386,91.379816,172.30.1.250,172.30.1.1,UDP,148
Teams,1387,91.390147,172.30.1.250,172.30.1.1,UDP,224
Teams,1388,91.412708,172.30.1.250,172.30.1.1,UDP,192
Teams,1389,91.421224,172.30.1.250,172.30.1.1,DNS,192
Teams,1390,91.425808,172.30.1.1,172.30.1.250,TCP,108
Teams,1391,91.466151,172.30.1.250,172.30.1.1,UDP,168
Teams,1392,91.477201,172.30.1.250,172.30.1.1,TCP,96
Teams,1393,91.477865,172.30.1.1,172.30.1.250,TCP,88
Teams,1394,91.479784,172.30.1.1,172.30.1.250,TLSv1.2,604
Teams,1395,91.479976,172.30.1.250,172.30.1.1,TCP,88
Teams,1396,91.528504,172.30.1.250,172.30.1.1,TCP,4096
Teams,1397,91.528866,172.30.1.1,172.30.1.250,TCP,88
Teams,1398,91.529985,172.30.1.250,172.30.1.1,TLSv1.2,2276
Teams,1399,91.531019,172.30.1.1,172.30.1.250,TCP,88
Teams,1400,91.540134,172.30.1.1,172.30.1.250,TLSv1.2,244
Teams,1401,91.540270,172.30.1.250,172.30.1.1,TCP,88
Teams,1402,91.574205,172.30.1.250,172.30.1.1,UDP,132
Teams,1403,91.574313,172.30.1.250,172.30.1.1,UDP,1308
Teams,1404,91.574347,172.30.1.250,172.30.1.1,UDP,1308
Teams,1405,91.574373,172.30.1.250,172.30.1.1,UDP,1308
Teams,1406,91.574398,172.30.1.250,172.30.1.1,UDP,1308
Teams,1407,91.587006,172.30.1.250,172.30.1.1,TLSv1.2,208
Teams,1408,91.589077,172.30.1.1,172.30.1.250,TLSv1.2,140
Teams,1409,91.589172,172.30.1.250,172.30.1.1,TCP,88
Teams,1410,91.589438,172.30.1.1,172.30.1.250,TLSv1.2,132
Teams,1411,91.589462,172.30.1.250,172.30.1.1,TCP,88
Teams,1412,91.589625,172.30.1.1,172.30.1.250,TLSv1.2,128
Teams,1413,91.589669,172.30.1.250,172.30.1.1,TCP,88
Teams,1414,91.590646,172.30.1.1,172.30.1.250,TLSv1.2,124
Teams,1415,91.590721,172.30.1.250,172.30.1.1,TCP,88
Teams,1416,91.594565,172.30.1.1,172.30.1.250,TLSv1.2,2700
Teams,1417,91.594675,172.30.1.250,172.30.1.1,TCP,88
Teams,1418,91.679497,172.30.1.250,172.30.1.1,TLSv1.2,124
Teams,1419,91.723590,172.30.1.1,172.30.1.250,TCP,88
Teams,1420,91.791053,172.30.1.250,172.30.1.1,TLSv1.2,672
Teams,1421,91.791338,172.30.1.1,172.30.1.250,TCP,88
Teams,1422,91.792947,172.30.1.250,172.30.1.1,TLSv1.2,1836
Teams,1423,91.803893,172.30.1.1,172.30.1.250,TLSv1.2,336
Teams,1424,91.804111,172.30.1.250,172.30.1.1,TCP,88
Teams,1425,91.872532,172.30.1.1,172.30.1.250,TLSv1.2,348
Teams,1426,91.872692,172.30.1.250,172.30.1.1,TCP,88
Teams,1427,91.894790,172.30.1.250,172.30.1.1,UDP,244
Teams,1428,91.916969,172.30.1.250,172.30.1.1,UDP,212
Teams,1429,91.939750,172.30.1.250,172.30.1.1,UDP,212
Teams,1430,91.966506,172.30.1.250,172.30.1.1,TLSv1.2,216
Teams,1431,91.966677,172.30.1.1,172.30.1.250,TCP,88
Teams,1432,91.979319,172.30.1.250,172.30.1.1,TLSv1.3,2040
Teams,1433,91.979772,172.30.1.1,172.30.1.250,TCP,88
Teams,1434,92.067287,172.30.1.250,172.30.1.1,TLSv1.3,1592
Teams,1435,92.067617,172.30.1.1,172.30.1.250,TCP,88
Teams,1436,92.070179,172.30.1.250,172.30.1.1,TLSv1.3,1384
Teams,1437,92.070548,172.30.1.1,172.30.1.250,TCP,88
Teams,1438,92.077956,172.30.1.250,172.30.1.1,TLSv1.3,1140
Teams,1439,92.078297,172.30.1.1,172.30.1.250,TCP,88
Teams,1440,92.078328,172.30.1.250,172.30.1.1,TLSv1.3,1752
Teams,1441,92.078405,172.30.1.1,172.30.1.250,TCP,88
Teams,1442,92.328657,172.30.1.250,172.30.1.1,UDP,192
Teams,1443,92.384392,172.30.1.250,172.30.1.1,UDP,192
Teams,1444,92.440155,172.30.1.250,172.30.1.1,UDP,192
Teams,1445,92.497466,172.30.1.250,172.30.1.1,UDP,192
Teams,1446,92.812166,172.30.1.250,172.30.1.1,UDP,216
Teams,1447,92.944450,172.30.1.250,172.30.1.1,UDP,180
Teams,1448,93.249151,172.30.1.250,172.30.1.1,UDP,180
Teams,1449,93.368064,172.30.1.250,172.30.1.1,UDP,192
Teams,1450,93.422942,172.30.1.250,172.30.1.1,UDP,192
Teams,1451,93.476467,172.30.1.250,172.30.1.1,UDP,192
Teams,1452,93.531048,172.30.1.250,172.30.1.1,UDP,192
Teams,1453,94.396710,172.30.1.250,172.30.1.1,UDP,192
Teams,1454,94.453033,172.30.1.250,172.30.1.1,UDP,192
Teams,1455,94.507090,172.30.1.250,172.30.1.1,UDP,192
Teams,1456,94.561982,172.30.1.250,172.30.1.1,UDP,192
Teams,1457,94.574159,172.30.1.250,172.30.1.1,UDP,132
Teams,1458,94.574351,172.30.1.250,172.30.1.1,UDP,1308
Teams,1459,94.574425,172.30.1.250,172.30.1.1,UDP,1308
Teams,1460,94.574472,172.30.1.250,172.30.1.1,UDP,1308
Teams,1461,94.574515,172.30.1.250,172.30.1.1,UDP,1308
Teams,1462,94.856845,172.30.1.250,172.30.1.1,UDP,212
Teams,1463,95.431624,172.30.1.250,172.30.1.1,UDP,192
Teams,1464,95.486419,172.30.1.250,172.30.1.1,UDP,192
Teams,1465,95.541718,172.30.1.250,172.30.1.1,UDP,168
Teams,1466,95.597025,172.30.1.250,172.30.1.1,UDP,192
Teams,1467,95.683862,172.30.1.250,172.30.1.1,UDP,180
Teams,1468,96.007335,172.30.1.250,172.30.1.1,UDP,180
Teams,1469,96.294221,172.30.1.250,172.30.1.1,UDP,216
Teams,1470,96.362589,172.30.1.250,172.30.1.1,UDP,168
Teams,1471,96.416621,172.30.1.250,172.30.1.1,UDP,168
Teams,1472,96.525219,172.30.1.250,172.30.1.1,UDP,168
Teams,1473,96.579523,172.30.1.250,172.30.1.1,UDP,192
Teams,1474,97.391558,172.30.1.250,172.30.1.1,UDP,192
Teams,1475,97.445373,172.30.1.250,172.30.1.1,UDP,192
Teams,1476,97.553218,172.30.1.250,172.30.1.1,UDP,192
Teams,1477,97.575112,172.30.1.250,172.30.1.1,UDP,132
Teams,1478,97.575262,172.30.1.250,172.30.1.1,UDP,1308
Teams,1479,97.575338,172.30.1.250,172.30.1.1,UDP,1308
Teams,1480,97.575404,172.30.1.250,172.30.1.1,UDP,1308
Teams,1481,97.575461,172.30.1.250,172.30.1.1,UDP,1308
Teams,1482,97.608174,172.30.1.250,172.30.1.1,UDP,192
Teams,1483,98.061946,172.30.1.250,172.30.1.1,UDP,212
Teams,1484,98.428888,172.30.1.250,172.30.1.1,UDP,192
Teams,1485,98.483049,172.30.1.250,172.30.1.1,UDP,192
Teams,1486,98.591097,172.30.1.250,172.30.1.1,UDP,192
Teams,1487,98.645952,172.30.1.250,172.30.1.1,UDP,192
Teams,1488,99.055239,172.30.1.250,172.30.1.1,UDP,216
Teams,1489,99.228514,172.30.1.250,172.30.1.1,UDP,180
Teams,1490,99.460880,172.30.1.250,172.30.1.1,UDP,192
Teams,1491,99.513694,172.30.1.250,172.30.1.1,UDP,192
Teams,1492,99.622532,172.30.1.250,172.30.1.1,UDP,192
Teams,1493,99.676324,172.30.1.250,172.30.1.1,UDP,192
Teams,1494,100.186349,172.30.1.250,172.30.1.1,UDP,180
Teams,1495,100.491501,172.30.1.250,172.30.1.1,UDP,192
Teams,1496,100.491816,172.30.1.250,172.30.1.1,UDP,168
Teams,1497,100.546088,172.30.1.250,172.30.1.1,UDP,192
Teams,1498,100.579299,172.30.1.250,172.30.1.1,UDP,132
Teams,1499,100.579549,172.30.1.250,172.30.1.1,UDP,1308
Teams,1500,100.579635,172.30.1.250,172.30.1.1,UDP,1308
Teams,1501,100.579705,172.30.1.250,172.30.1.1,UDP,1308
Teams,1502,100.579770,172.30.1.250,172.30.1.1,UDP,1308
Teams,1503,100.654364,172.30.1.250,172.30.1.1,UDP,192
Teams,1504,101.408646,172.30.1.250,172.30.1.1,TCP,88
Teams,1505,101.422040,172.30.1.1,172.30.1.250,TLSv1.2,132
Teams,1506,101.422540,172.30.1.250,172.30.1.1,TCP,88
Teams,1507,101.473325,172.30.1.250,172.30.1.1,UDP,168
Teams,1508,101.473521,172.30.1.250,172.30.1.1,UDP,168
Teams,1509,101.513336,172.30.1.250,172.30.1.1,TLSv1.2,128
Teams,1510,101.513837,172.30.1.1,172.30.1.250,TCP,88
Teams,1511,101.527452,172.30.1.250,172.30.1.1,UDP,192
Teams,1512,101.581812,172.30.1.250,172.30.1.1,UDP,168
Teams,1513,101.642644,172.30.1.1,172.30.1.250,TLSv1.2,132
Teams,1514,101.642859,172.30.1.250,172.30.1.1,TCP,88
Teams,1515,101.717036,172.30.1.250,172.30.1.1,TLSv1.2,128
Teams,1516,101.718249,172.30.1.1,172.30.1.250,TCP,88
Teams,1517,101.743366,172.30.1.250,172.30.1.1,TLSv1.2,884
Teams,1518,101.743798,172.30.1.1,172.30.1.250,TCP,88
Teams,1519,101.745847,172.30.1.1,172.30.1.250,TLSv1.2,852
Teams,1520,101.746020,172.30.1.250,172.30.1.1,TCP,88
Teams,1521,101.746148,172.30.1.1,172.30.1.250,TLSv1.2,120
Teams,1522,101.746185,172.30.1.250,172.30.1.1,TCP,88
Teams,1523,101.864807,172.30.1.250,172.30.1.1,TLSv1.2,884
Teams,1524,101.865011,172.30.1.1,172.30.1.250,TCP,88
Teams,1525,101.869385,172.30.1.1,172.30.1.250,TLSv1.2,852
Teams,1526,101.869597,172.30.1.250,172.30.1.1,TCP,88
Teams,1527,101.869765,172.30.1.1,172.30.1.250,TLSv1.2,120
Teams,1528,101.869805,172.30.1.250,172.30.1.1,TCP,88
Teams,1529,102.503924,172.30.1.250,172.30.1.1,UDP,192
Teams,1530,102.504181,172.30.1.250,172.30.1.1,UDP,192
Teams,1531,102.557709,172.30.1.250,172.30.1.1,UDP,192
Teams,1532,102.611384,172.30.1.250,172.30.1.1,UDP,192
Teams,1533,102.622631,172.30.1.250,172.30.1.1,UDP,180
Teams,1534,103.536660,172.30.1.250,172.30.1.1,UDP,192
Teams,1535,103.537134,172.30.1.250,172.30.1.1,UDP,192
Teams,1536,103.581010,172.30.1.250,172.30.1.1,UDP,132
Teams,1537,103.581363,172.30.1.250,172.30.1.1,UDP,1308
Teams,1538,103.581517,172.30.1.250,172.30.1.1,UDP,1308
Teams,1539,103.581746,172.30.1.250,172.30.1.1,UDP,1308
Teams,1540,103.581840,172.30.1.250,172.30.1.1,UDP,1308
Teams,1541,103.592693,172.30.1.250,172.30.1.1,UDP,192
Teams,1542,103.592859,172.30.1.250,172.30.1.1,UDP,216
Teams,1543,103.647972,172.30.1.250,172.30.1.1,UDP,192
Teams,1544,103.929521,172.30.1.250,172.30.1.1,UDP,180
Teams,1545,104.146419,172.30.1.250,172.30.1.1,UDP,180
Teams,1546,104.568340,172.30.1.250,172.30.1.1,UDP,192
Teams,1547,104.568781,172.30.1.250,172.30.1.1,UDP,192
Teams,1548,104.624065,172.30.1.250,172.30.1.1,UDP,192
Teams,1549,104.678944,172.30.1.250,172.30.1.1,UDP,192
Teams,1550,105.003010,172.30.1.250,172.30.1.1,STUN,296
Teams,1551,105.057731,172.30.1.250,172.30.1.1,STUN,296
Teams,1552,105.058048,172.30.1.250,172.30.1.1,STUN,296
Teams,1553,105.072247,172.30.1.250,172.30.1.1,STUN,260
Teams,1554,105.108389,172.30.1.250,172.30.1.1,STUN,260
Teams,1555,105.110143,172.30.1.250,172.30.1.1,STUN,260
Teams,1556,105.166286,172.30.1.250,172.30.1.1,STUN,296
Teams,1557,105.220349,172.30.1.250,172.30.1.1,STUN,260
Teams,1558,105.599128,172.30.1.250,172.30.1.1,UDP,192
Teams,1559,105.599715,172.30.1.250,172.30.1.1,UDP,192
Teams,1560,105.599804,172.30.1.250,172.30.1.1,UDP,168
Teams,1561,105.710751,172.30.1.250,172.30.1.1,UDP,192
Teams,1562,106.400155,172.30.1.250,172.30.1.1,UDP,216
Teams,1563,106.532672,172.30.1.250,172.30.1.1,UDP,168
Teams,1564,106.588101,172.30.1.250,172.30.1.1,UDP,168
Teams,1565,106.589748,172.30.1.250,172.30.1.1,UDP,132
Teams,1566,106.590106,172.30.1.250,172.30.1.1,UDP,1308
Teams,1567,106.590233,172.30.1.250,172.30.1.1,UDP,1308
Teams,1568,106.590342,172.30.1.250,172.30.1.1,UDP,1308
Teams,1569,106.590448,172.30.1.250,172.30.1.1,UDP,1308
Teams,1570,106.642945,172.30.1.250,172.30.1.1,UDP,192
Teams,1571,106.696996,172.30.1.250,172.30.1.1,UDP,168
Teams,1572,107.485380,172.30.1.250,172.30.1.1,UDP,180
Teams,1573,107.572373,172.30.1.250,172.30.1.1,UDP,192
Teams,1574,107.594913,172.30.1.250,172.30.1.1,UDP,180
Teams,1575,107.627983,172.30.1.250,172.30.1.1,UDP,192
Teams,1576,107.683566,172.30.1.250,172.30.1.1,UDP,192
Teams,1577,107.738064,172.30.1.250,172.30.1.1,UDP,192
Teams,1578,108.334677,172.30.1.250,172.30.1.1,UDP,180
Teams,1579,108.531278,172.30.1.250,172.30.1.1,UDP,216
Teams,1580,108.606572,172.30.1.250,172.30.1.1,UDP,192
Teams,1581,108.661683,172.30.1.250,172.30.1.1,UDP,192
Teams,1582,108.715530,172.30.1.250,172.30.1.1,UDP,192
Teams,1583,108.768924,172.30.1.250,172.30.1.1,UDP,192
Teams,1584,109.595507,172.30.1.250,172.30.1.1,UDP,132
Teams,1585,109.595784,172.30.1.250,172.30.1.1,UDP,1308
Teams,1586,109.596041,172.30.1.250,172.30.1.1,UDP,1308
Teams,1587,109.596141,172.30.1.250,172.30.1.1,UDP,1308
Teams,1588,109.596212,172.30.1.250,172.30.1.1,UDP,1308
Teams,1589,109.640284,172.30.1.250,172.30.1.1,UDP,192
Teams,1590,109.694277,172.30.1.250,172.30.1.1,UDP,192
Teams,1591,109.749080,172.30.1.250,172.30.1.1,UDP,192
Teams,1592,109.803175,172.30.1.250,172.30.1.1,UDP,192
Teams,1593,110.672195,172.30.1.250,172.30.1.1,UDP,192
Teams,1594,110.729183,172.30.1.250,172.30.1.1,UDP,192
Teams,1595,110.729797,172.30.1.250,172.30.1.1,UDP,168
Teams,1596,110.839518,172.30.1.250,172.30.1.1,UDP,192
Teams,1597,111.711882,172.30.1.250,172.30.1.1,UDP,192
Teams,1598,111.758136,172.30.1.250,172.30.1.1,UDP,180
Teams,1599,111.771329,172.30.1.250,172.30.1.1,UDP,168
Teams,1600,111.771526,172.30.1.250,172.30.1.1,UDP,168
Teams,1601,111.771634,172.30.1.250,172.30.1.1,UDP,168
Teams,1602,111.771698,172.30.1.250,172.30.1.1,UDP,192
Teams,1603,112.033369,172.30.1.250,172.30.1.1,UDP,216
Teams,1604,112.369977,172.30.1.250,172.30.1.1,UDP,180
Teams,1605,112.608070,172.30.1.250,172.30.1.1,UDP,132
Teams,1606,112.608264,172.30.1.250,172.30.1.1,UDP,1308
Teams,1607,112.608354,172.30.1.250,172.30.1.1,UDP,1308
Teams,1608,112.608428,172.30.1.250,172.30.1.1,UDP,1308
Teams,1609,112.608490,172.30.1.250,172.30.1.1,UDP,1308
Teams,1610,112.802744,172.30.1.250,172.30.1.1,UDP,192
Teams,1611,112.803034,172.30.1.250,172.30.1.1,UDP,192
Teams,1612,112.803249,172.30.1.250,172.30.1.1,UDP,192
Teams,1613,112.803350,172.30.1.250,172.30.1.1,UDP,192
Teams,1614,112.893351,172.30.1.250,172.30.1.1,UDP,180
Teams,1615,113.140388,172.30.1.1,172.30.1.250,DNS,124
Teams,1616,113.219078,172.30.1.250,172.30.1.1,DNS,248
Teams,1617,113.223965,172.30.1.1,172.30.1.250,TCP,108
Teams,1618,113.349146,172.30.1.250,172.30.1.1,TCP,96
Teams,1619,113.349470,172.30.1.1,172.30.1.250,TCP,88
Teams,1620,113.352146,172.30.1.1,172.30.1.250,TLSv1.3,604
Teams,1621,113.352594,172.30.1.250,172.30.1.1,TCP,88
Teams,1622,113.487283,172.30.1.250,172.30.1.1,TLSv1.3,188
Teams,1623,113.495970,172.30.1.1,172.30.1.250,TCP,88
Teams,1624,113.498509,172.30.1.1,172.30.1.250,TLSv1.3,544
Teams,1625,113.498769,172.30.1.250,172.30.1.1,TCP,88
Teams,1626,113.654736,172.30.1.250,172.30.1.1,TLSv1.3,6428
Teams,1627,113.686929,172.30.1.1,172.30.1.250,TLSv1.3,160
Teams,1628,113.687160,172.30.1.250,172.30.1.1,TCP,88
Teams,1629,113.687308,172.30.1.1,172.30.1.250,TLSv1.3,3300
Teams,1630,113.687416,172.30.1.250,172.30.1.1,TCP,88
Teams,1631,113.840208,172.30.1.250,172.30.1.1,UDP,192
Teams,1632,113.840725,172.30.1.250,172.30.1.1,UDP,192
Teams,1633,113.841009,172.30.1.250,172.30.1.1,UDP,192
Teams,1634,113.841099,172.30.1.250,172.30.1.1,UDP,192
Teams,1635,113.912479,172.30.1.250,172.30.1.1,TLSv1.3,192
Teams,1636,113.957552,172.30.1.1,172.30.1.250,TCP,88
Teams,1637,114.054023,172.30.1.250,172.30.1.1,TLSv1.3,532
Teams,1638,114.054432,172.30.1.1,172.30.1.250,TCP,88
Teams,1639,114.784836,172.30.1.250,172.30.1.1,UDP,180
Teams,1640,114.871110,172.30.1.250,172.30.1.1,UDP,192
Teams,1641,114.871424,172.30.1.250,172.30.1.1,UDP,192
Teams,1642,114.871656,172.30.1.250,172.30.1.1,UDP,192
Teams,1643,114.871965,172.30.1.250,172.30.1.1,UDP,192
Teams,1644,115.027143,172.30.1.250,172.30.1.1,UDP,180
Teams,1645,115.611868,172.30.1.250,172.30.1.1,UDP,132
Teams,1646,115.612221,172.30.1.250,172.30.1.1,UDP,1308
Teams,1647,115.612341,172.30.1.250,172.30.1.1,UDP,1308
Teams,1648,115.612424,172.30.1.250,172.30.1.1,UDP,1308
Teams,1649,115.612502,172.30.1.250,172.30.1.1,UDP,1308
Teams,1650,115.746634,172.30.1.250,172.30.1.1,UDP,168
Teams,1651,115.811454,172.30.1.250,172.30.1.1,UDP,216
Teams,1652,115.909969,172.30.1.250,172.30.1.1,UDP,192
Teams,1653,115.910336,172.30.1.250,172.30.1.1,UDP,192
Teams,1654,115.910868,172.30.1.250,172.30.1.1,UDP,192
Teams,1655,116.728290,172.30.1.250,172.30.1.1,UDP,168
Teams,1656,116.729733,172.30.1.250,172.30.1.1,UDP,168
Teams,1657,116.783536,172.30.1.250,172.30.1.1,UDP,192
Teams,1658,116.837951,172.30.1.250,172.30.1.1,UDP,168
Teams,1659,117.769912,172.30.1.250,172.30.1.1,UDP,192
Teams,1660,117.770276,172.30.1.250,172.30.1.1,UDP,192
Teams,1661,117.823265,172.30.1.250,172.30.1.1,UDP,192
Teams,1662,117.876900,172.30.1.250,172.30.1.1,UDP,192
Teams,1663,118.297704,172.30.1.250,172.30.1.1,UDP,180
Teams,1664,118.621427,172.30.1.250,172.30.1.1,UDP,132
Teams,1665,118.622005,172.30.1.250,172.30.1.1,UDP,1308
Teams,1666,118.622221,172.30.1.250,172.30.1.1,UDP,1308
Teams,1667,118.622504,172.30.1.250,172.30.1.1,UDP,1308
Teams,1668,118.622729,172.30.1.250,172.30.1.1,UDP,1308
Teams,1669,118.688925,172.30.1.250,172.30.1.1,UDP,180
Teams,1670,118.797804,172.30.1.250,172.30.1.1,UDP,192
Teams,1671,118.799300,172.30.1.250,172.30.1.1,UDP,192
Teams,1672,118.853731,172.30.1.250,172.30.1.1,UDP,192
Teams,1673,118.907549,172.30.1.250,172.30.1.1,UDP,192
Teams,1674,118.929427,172.30.1.250,172.30.1.1,UDP,180
Teams,1675,119.388801,172.30.1.250,172.30.1.1,UDP,216
Teams,1676,119.832672,172.30.1.250,172.30.1.1,UDP,192
Teams,1677,119.833063,172.30.1.250,172.30.1.1,UDP,192
Teams,1678,119.888022,172.30.1.250,172.30.1.1,UDP,192
Teams,1679,119.944078,172.30.1.250,172.30.1.1,UDP,192
Teams,1680,120.865536,172.30.1.250,172.30.1.1,UDP,192
Teams,1681,120.865961,172.30.1.250,172.30.1.1,UDP,192
Teams,1682,120.866155,172.30.1.250,172.30.1.1,UDP,168
Teams,1683,120.973786,172.30.1.250,172.30.1.1,UDP,192
Teams,1684,121.516285,172.30.1.1,172.30.1.250,TLSv1.2,132
Teams,1685,121.516443,172.30.1.250,172.30.1.1,TCP,88
Teams,1686,121.582798,172.30.1.250,172.30.1.1,TLSv1.2,128
Teams,1687,121.583394,172.30.1.1,172.30.1.250,TCP,88
Teams,1688,121.630625,172.30.1.250,172.30.1.1,UDP,132
Teams,1689,121.630805,172.30.1.250,172.30.1.1,UDP,1308
Teams,1690,121.630886,172.30.1.250,172.30.1.1,UDP,1308
Teams,1691,121.631010,172.30.1.250,172.30.1.1,UDP,1308
Teams,1692,121.631212,172.30.1.250,172.30.1.1,UDP,1308
Teams,1693,121.631367,172.30.1.250,172.30.1.1,UDP,180
Teams,1694,121.720791,172.30.1.1,172.30.1.250,TLSv1.2,132
Teams,1695,121.721014,172.30.1.250,172.30.1.1,TCP,88
Teams,1696,121.803676,172.30.1.250,172.30.1.1,UDP,180
Teams,1697,121.904318,172.30.1.250,172.30.1.1,UDP,192
Teams,1698,121.904696,172.30.1.250,172.30.1.1,UDP,192
Teams,1699,121.904876,172.30.1.250,172.30.1.1,UDP,192
Teams,1700,121.910465,172.30.1.250,172.30.1.1,TLSv1.2,128
Teams,1701,121.911321,172.30.1.1,172.30.1.250,TCP,88
Teams,1702,121.911372,172.30.1.250,172.30.1.1,TLSv1.2,884
Teams,1703,121.911542,172.30.1.1,172.30.1.250,TCP,88
Teams,1704,121.914781,172.30.1.1,172.30.1.250,TLSv1.2,852
Teams,1705,121.914997,172.30.1.250,172.30.1.1,TCP,88
Teams,1706,121.915168,172.30.1.1,172.30.1.250,TLSv1.2,120
Teams,1707,121.915204,172.30.1.250,172.30.1.1,TCP,88
Teams,1708,121.959535,172.30.1.250,172.30.1.1,UDP,168
Teams,1709,121.959846,172.30.1.250,172.30.1.1,UDP,168
Teams,1710,121.960490,172.30.1.250,172.30.1.1,UDP,168
Teams,1711,121.990264,172.30.1.250,172.30.1.1,TLSv1.2,884
Teams,1712,121.990862,172.30.1.1,172.30.1.250,TCP,88
Teams,1713,122.001654,172.30.1.1,172.30.1.250,TLSv1.2,852
Teams,1714,122.002092,172.30.1.250,172.30.1.1,TCP,88
Teams,1715,122.002402,172.30.1.1,172.30.1.250,TLSv1.2,120
Teams,1716,122.002479,172.30.1.250,172.30.1.1,TCP,88
Teams,1717,122.940605,172.30.1.250,172.30.1.1,UDP,192
Teams,1718,122.997212,172.30.1.250,172.30.1.1,UDP,192
Teams,1719,122.997594,172.30.1.250,172.30.1.1,UDP,192
Teams,1720,122.997688,172.30.1.250,172.30.1.1,UDP,192
Teams,1721,123.465904,172.30.1.250,172.30.1.1,UDP,216
Teams,1722,123.972963,172.30.1.250,172.30.1.1,UDP,192
Teams,1723,124.032587,172.30.1.250,172.30.1.1,UDP,192
Teams,1724,124.033060,172.30.1.250,172.30.1.1,UDP,192
Teams,1725,124.033467,172.30.1.250,172.30.1.1,UDP,192
Teams,1726,124.252927,172.30.1.250,172.30.1.1,UDP,180
Teams,1727,124.642694,172.30.1.250,172.30.1.1,UDP,132
Teams,1728,124.642956,172.30.1.250,172.30.1.1,UDP,1308
Teams,1729,124.643053,172.30.1.250,172.30.1.1,UDP,1308
Teams,1730,124.643137,172.30.1.250,172.30.1.1,UDP,1308
Teams,1731,124.643222,172.30.1.250,172.30.1.1,UDP,1308
Teams,1732,125.018157,172.30.1.250,172.30.1.1,UDP,192
Teams,1733,125.074017,172.30.1.250,172.30.1.1,UDP,192
Teams,1734,125.074318,172.30.1.250,172.30.1.1,UDP,192
Teams,1735,125.074412,172.30.1.250,172.30.1.1,UDP,192
Teams,1736,125.294893,172.30.1.250,172.30.1.1,STUN,296
Teams,1737,125.295204,172.30.1.250,172.30.1.1,STUN,296
Teams,1738,125.295309,172.30.1.250,172.30.1.1,STUN,296
Teams,1739,125.306380,172.30.1.250,172.30.1.1,UDP,180
Teams,1740,125.348259,172.30.1.250,172.30.1.1,STUN,260
Teams,1741,125.350003,172.30.1.250,172.30.1.1,UDP,180
Teams,1742,125.353476,172.30.1.250,172.30.1.1,STUN,260
Teams,1743,125.438587,172.30.1.250,172.30.1.1,STUN,260
Teams,1744,125.458434,172.30.1.250,172.30.1.1,STUN,296
Teams,1745,125.532117,172.30.1.250,172.30.1.1,STUN,260
Teams,1746,125.934037,172.30.1.250,172.30.1.1,UDP,216
Teams,1747,125.945067,172.30.1.250,172.30.1.1,UDP,168
Teams,1748,126.110056,172.30.1.250,172.30.1.1,UDP,192
Teams,1749,126.110485,172.30.1.250,172.30.1.1,UDP,192
Teams,1750,126.110685,172.30.1.250,172.30.1.1,UDP,192
Teams,1751,126.814049,172.30.1.250,172.30.1.1,UDP,168
Teams,1752,126.868280,172.30.1.250,172.30.1.1,UDP,168
Teams,1753,126.978404,172.30.1.250,172.30.1.1,UDP,168
Teams,1754,126.978703,172.30.1.250,172.30.1.1,UDP,192
Teams,1755,127.651176,172.30.1.250,172.30.1.1,UDP,132
Teams,1756,127.651891,172.30.1.250,172.30.1.1,UDP,1308
Teams,1757,127.652004,172.30.1.250,172.30.1.1,UDP,1308
Teams,1758,127.652071,172.30.1.250,172.30.1.1,UDP,1308
Teams,1759,127.652129,172.30.1.250,172.30.1.1,UDP,1308
Teams,1760,127.848802,172.30.1.250,172.30.1.1,UDP,192
Teams,1761,127.903708,172.30.1.250,172.30.1.1,UDP,192
Teams,1762,128.011532,172.30.1.250,172.30.1.1,UDP,192
Teams,1763,128.011716,172.30.1.250,172.30.1.1,UDP,192
Teams,1764,128.681073,172.30.1.250,172.30.1.1,UDP,180
Teams,1765,128.758547,172.30.1.250,172.30.1.1,UDP,216
Teams,1766,128.814350,172.30.1.250,172.30.1.1,UDP,180
Teams,1767,128.814522,172.30.1.250,172.30.1.1,UDP,180
Teams,1768,128.881548,172.30.1.250,172.30.1.1,UDP,192
Teams,1769,128.936039,172.30.1.250,172.30.1.1,UDP,192
Teams,1770,129.047237,172.30.1.250,172.30.1.1,UDP,192
Teams,1771,129.047615,172.30.1.250,172.30.1.1,UDP,192
Teams,1772,129.918395,172.30.1.250,172.30.1.1,UDP,192
Teams,1773,129.971980,172.30.1.250,172.30.1.1,UDP,192
Teams,1774,130.081083,172.30.1.250,172.30.1.1,UDP,192
Teams,1775,130.082475,172.30.1.250,172.30.1.1,UDP,192
Teams,1776,130.667214,172.30.1.250,172.30.1.1,UDP,132
Teams,1777,130.668040,172.30.1.250,172.30.1.1,UDP,1308
Teams,1778,130.668148,172.30.1.250,172.30.1.1,UDP,1308
Teams,1779,130.668220,172.30.1.250,172.30.1.1,UDP,1308
Teams,1780,130.668298,172.30.1.250,172.30.1.1,UDP,1308
Teams,1781,130.946191,172.30.1.250,172.30.1.1,UDP,192
Teams,1782,131.001083,172.30.1.250,172.30.1.1,UDP,192
Teams,1783,131.001897,172.30.1.250,172.30.1.1,UDP,168
Teams,1784,131.113011,172.30.1.250,172.30.1.1,UDP,192
Teams,1785,131.928510,172.30.1.250,172.30.1.1,UDP,168
Teams,1786,131.928801,172.30.1.250,172.30.1.1,UDP,168
Teams,1787,132.036797,172.30.1.250,172.30.1.1,UDP,192
Teams,1788,132.147072,172.30.1.250,172.30.1.1,UDP,168
Teams,1789,132.731076,172.30.1.250,172.30.1.1,UDP,180
Teams,1790,132.959380,172.30.1.250,172.30.1.1,UDP,192
Teams,1791,132.959916,172.30.1.250,172.30.1.1,UDP,192
Teams,1792,133.066009,172.30.1.250,172.30.1.1,UDP,192
Teams,1793,133.176253,172.30.1.250,172.30.1.1,UDP,192
Teams,1794,133.690404,172.30.1.250,172.30.1.1,UDP,132
Teams,1795,133.690668,172.30.1.250,172.30.1.1,UDP,1308
Teams,1796,133.691417,172.30.1.250,172.30.1.1,UDP,1308
Teams,1797,133.691560,172.30.1.250,172.30.1.1,UDP,1308
Teams,1798,133.692048,172.30.1.250,172.30.1.1,UDP,1308
Teams,1799,133.952258,172.30.1.250,172.30.1.1,UDP,180
Teams,1800,133.975574,172.30.1.250,172.30.1.1,UDP,180
Teams,1801,133.998927,172.30.1.250,172.30.1.1,UDP,192
Teams,1802,133.999112,172.30.1.250,172.30.1.1,UDP,192
Teams,1803,134.109931,172.30.1.250,172.30.1.1,UDP,192
Teams,1804,134.218596,172.30.1.250,172.30.1.1,UDP,192
Teams,1805,134.360696,172.30.1.250,172.30.1.1,UDP,216
Teams,1806,135.033650,172.30.1.250,172.30.1.1,UDP,192
Teams,1807,135.033961,172.30.1.250,172.30.1.1,UDP,192
Teams,1808,135.146516,172.30.1.250,172.30.1.1,UDP,192
Teams,1809,135.256121,172.30.1.250,172.30.1.1,UDP,192
Teams,1810,136.071349,172.30.1.250,172.30.1.1,UDP,192
Teams,1811,136.071597,172.30.1.250,172.30.1.1,UDP,192
Teams,1812,136.125922,172.30.1.250,172.30.1.1,UDP,168
Teams,1813,136.296762,172.30.1.250,172.30.1.1,UDP,192
Teams,1814,136.383454,172.30.1.250,172.30.1.1,UDP,180
Teams,1815,136.706283,172.30.1.250,172.30.1.1,UDP,132
Teams,1816,136.706727,172.30.1.250,172.30.1.1,UDP,1308
Teams,1817,136.706831,172.30.1.250,172.30.1.1,UDP,1308
Teams,1818,136.706917,172.30.1.250,172.30.1.1,UDP,1308
Teams,1819,136.707000,172.30.1.250,172.30.1.1,UDP,1308
Teams,1820,136.738476,172.30.1.250,172.30.1.1,UDP,216
Teams,1821,136.997815,172.30.1.250,172.30.1.1,UDP,168
Teams,1822,136.998174,172.30.1.250,172.30.1.1,UDP,168
Teams,1823,137.106517,172.30.1.250,172.30.1.1,UDP,168
Teams,1824,137.162791,172.30.1.250,172.30.1.1,UDP,192
Teams,1825,137.206292,172.30.1.250,172.30.1.1,UDP,180
Teams,1826,137.659938,172.30.1.250,172.30.1.1,UDP,180
Teams,1827,138.030758,172.30.1.250,172.30.1.1,UDP,192
Teams,1828,138.031212,172.30.1.250,172.30.1.1,UDP,192
Teams,1829,138.141817,172.30.1.250,172.30.1.1,UDP,192
Teams,1830,138.199457,172.30.1.250,172.30.1.1,UDP,192
Teams,1831,139.060653,172.30.1.250,172.30.1.1,UDP,192
Teams,1832,139.060901,172.30.1.250,172.30.1.1,UDP,192
Teams,1833,139.168137,172.30.1.250,172.30.1.1,UDP,192
Teams,1834,139.221210,172.30.1.250,172.30.1.1,UDP,192
Teams,1835,139.349006,172.30.1.250,172.30.1.1,UDP,180
Teams,1836,139.499970,172.30.1.250,172.30.1.1,UDP,216
Teams,1837,139.717866,172.30.1.250,172.30.1.1,UDP,132
Teams,1838,139.718391,172.30.1.250,172.30.1.1,UDP,1308
Teams,1839,139.718526,172.30.1.250,172.30.1.1,UDP,1308
Teams,1840,139.718636,172.30.1.250,172.30.1.1,UDP,1308
Teams,1841,139.718742,172.30.1.250,172.30.1.1,UDP,1308
Teams,1842,139.872484,172.30.1.250,172.30.1.1,UDP,180
Teams,1843,140.094309,172.30.1.250,172.30.1.1,UDP,192
Teams,1844,140.094742,172.30.1.250,172.30.1.1,UDP,192
Teams,1845,140.205506,172.30.1.250,172.30.1.1,UDP,192
Teams,1846,140.260323,172.30.1.250,172.30.1.1,UDP,192
Teams,1847,140.748906,172.30.1.250,172.30.1.1,UDP,180
Teams,1848,141.128876,172.30.1.250,172.30.1.1,UDP,192
Teams,1849,141.129155,172.30.1.250,172.30.1.1,UDP,192
Teams,1850,141.186424,172.30.1.250,172.30.1.1,UDP,168
Teams,1851,141.239247,172.30.1.250,172.30.1.1,UDP,192
Teams,1852,141.587032,172.30.1.1,172.30.1.250,TLSv1.2,132
Teams,1853,141.587535,172.30.1.250,172.30.1.1,TCP,88
Teams,1854,141.658026,172.30.1.250,172.30.1.1,TLSv1.2,128
Teams,1855,141.658443,172.30.1.1,172.30.1.250,TCP,88
Teams,1856,141.915676,172.30.1.1,172.30.1.250,TLSv1.2,132
Teams,1857,141.916380,172.30.1.250,172.30.1.1,TCP,88
Teams,1858,141.993610,172.30.1.250,172.30.1.1,TLSv1.2,128
Teams,1859,141.994478,172.30.1.1,172.30.1.250,TCP,88
Teams,1860,142.055290,172.30.1.250,172.30.1.1,UDP,168
Teams,1861,142.055464,172.30.1.250,172.30.1.1,UDP,168
Teams,1862,142.065917,172.30.1.250,172.30.1.1,TLSv1.2,884
Teams,1863,142.066837,172.30.1.1,172.30.1.250,TCP,88
Teams,1864,142.070483,172.30.1.1,172.30.1.250,TLSv1.2,852
Teams,1865,142.070761,172.30.1.250,172.30.1.1,TCP,88
Teams,1866,142.071011,172.30.1.1,172.30.1.250,TLSv1.2,120
Teams,1867,142.071062,172.30.1.250,172.30.1.1,TCP,88
Teams,1868,142.142701,172.30.1.250,172.30.1.1,TLSv1.2,884
Teams,1869,142.144904,172.30.1.1,172.30.1.250,TCP,88
Teams,1870,142.145611,172.30.1.1,172.30.1.250,TLSv1.2,852
Teams,1871,142.146057,172.30.1.250,172.30.1.1,TCP,88
Teams,1872,142.146390,172.30.1.1,172.30.1.250,TLSv1.2,120
Teams,1873,142.146439,172.30.1.250,172.30.1.1,TCP,88
Teams,1874,142.164161,172.30.1.250,172.30.1.1,UDP,168
Teams,1875,142.219097,172.30.1.250,172.30.1.1,UDP,192
Teams,1876,142.720501,172.30.1.250,172.30.1.1,UDP,132
Teams,1877,142.721036,172.30.1.250,172.30.1.1,UDP,1308
Teams,1878,142.721359,172.30.1.250,172.30.1.1,UDP,1308
Teams,1879,142.721464,172.30.1.250,172.30.1.1,UDP,1308
Teams,1880,142.721552,172.30.1.250,172.30.1.1,UDP,1308
Teams,1881,143.099435,172.30.1.250,172.30.1.1,UDP,192
Teams,1882,143.099922,172.30.1.250,172.30.1.1,UDP,192
Teams,1883,143.134570,172.30.1.250,172.30.1.1,UDP,180
Teams,1884,143.210503,172.30.1.250,172.30.1.1,UDP,192
Teams,1885,143.263905,172.30.1.250,172.30.1.1,UDP,192
Teams,1886,143.566362,172.30.1.250,172.30.1.1,UDP,180
Teams,1887,144.128247,172.30.1.250,172.30.1.1,UDP,192
Teams,1888,144.134047,172.30.1.250,172.30.1.1,UDP,192
Teams,1889,144.173690,172.30.1.250,172.30.1.1,UDP,216
Teams,1890,144.240594,172.30.1.250,172.30.1.1,UDP,192
Teams,1891,144.293941,172.30.1.250,172.30.1.1,UDP,192
Teams,1892,145.088297,172.30.1.250,172.30.1.1,UDP,180
Teams,1893,145.165497,172.30.1.250,172.30.1.1,UDP,192
Teams,1894,145.165905,172.30.1.250,172.30.1.1,UDP,192
Teams,1895,145.274726,172.30.1.250,172.30.1.1,UDP,192
Teams,1896,145.328596,172.30.1.250,172.30.1.1,UDP,192
Teams,1897,145.492980,172.30.1.250,172.30.1.1,STUN,296
Teams,1898,145.544144,172.30.1.250,172.30.1.1,STUN,260
Teams,1899,145.549682,172.30.1.250,172.30.1.1,STUN,296
Teams,1900,145.603309,172.30.1.250,172.30.1.1,STUN,296
Teams,1901,145.611614,172.30.1.250,172.30.1.1,STUN,260
Teams,1902,145.626209,172.30.1.250,172.30.1.1,UDP,216
Teams,1903,145.647700,172.30.1.250,172.30.1.1,STUN,260
Teams,1904,145.681371,172.30.1.250,172.30.1.1,UDP,180
Teams,1905,145.726667,172.30.1.250,172.30.1.1,UDP,132
Teams,1906,145.726950,172.30.1.250,172.30.1.1,UDP,1308
Teams,1907,145.727070,172.30.1.250,172.30.1.1,UDP,1308
Teams,1908,145.727175,172.30.1.250,172.30.1.1,UDP,1308
Teams,1909,145.727437,172.30.1.250,172.30.1.1,UDP,1308
Teams,1910,145.771707,172.30.1.250,172.30.1.1,STUN,296
Teams,1911,145.869190,172.30.1.250,172.30.1.1,STUN,260
Teams,1912,146.210165,172.30.1.250,172.30.1.1,UDP,192
Teams,1913,146.211016,172.30.1.250,172.30.1.1,UDP,192
Teams,1914,146.264797,172.30.1.250,172.30.1.1,UDP,168
Teams,1915,146.319499,172.30.1.250,172.30.1.1,UDP,192
Teams,1916,146.804332,172.30.1.1,172.30.1.250,TLSv1.2,144
Teams,1917,146.804552,172.30.1.250,172.30.1.1,TCP,88
Teams,1918,146.899970,172.30.1.250,172.30.1.1,TLSv1.2,132
Teams,1919,146.941960,172.30.1.1,172.30.1.250,TCP,88
Teams,1920,147.141415,172.30.1.250,172.30.1.1,UDP,168
Teams,1921,147.141600,172.30.1.250,172.30.1.1,UDP,168
Teams,1922,147.250037,172.30.1.250,172.30.1.1,UDP,168
Teams,1923,147.304790,172.30.1.250,172.30.1.1,UDP,192
Teams,1924,147.921521,172.30.1.250,172.30.1.1,UDP,180
Teams,1925,148.184244,172.30.1.250,172.30.1.1,UDP,192
Teams,1926,148.184449,172.30.1.250,172.30.1.1,UDP,192
Teams,1927,148.226620,172.30.1.250,172.30.1.1,UDP,216
Teams,1928,148.291675,172.30.1.250,172.30.1.1,UDP,192
Teams,1929,148.348721,172.30.1.250,172.30.1.1,UDP,192
Teams,1930,148.728915,172.30.1.250,172.30.1.1,UDP,132
Teams,1931,148.729076,172.30.1.250,172.30.1.1,UDP,1308
Teams,1932,148.729147,172.30.1.250,172.30.1.1,UDP,1308
Teams,1933,148.729204,172.30.1.250,172.30.1.1,UDP,1308
Teams,1934,148.729388,172.30.1.250,172.30.1.1,UDP,1308
Teams,1935,148.847099,172.30.1.250,172.30.1.1,UDP,216
Teams,1936,148.879803,172.30.1.250,172.30.1.1,UDP,180
Teams,1937,149.215785,172.30.1.250,172.30.1.1,UDP,192
Teams,1938,149.215904,172.30.1.250,172.30.1.1,UDP,192
Teams,1939,149.323964,172.30.1.250,172.30.1.1,UDP,192
Teams,1940,149.378470,172.30.1.250,172.30.1.1,UDP,192
Teams,1941,150.237138,172.30.1.250,172.30.1.1,UDP,192
Teams,1942,150.239501,172.30.1.250,172.30.1.1,UDP,192
Teams,1943,150.348379,172.30.1.250,172.30.1.1,UDP,192
Teams,1944,150.406814,172.30.1.250,172.30.1.1,UDP,192
Teams,1945,150.545818,172.30.1.250,172.30.1.1,UDP,180
Teams,1946,151.260192,172.30.1.250,172.30.1.1,UDP,192
Teams,1947,151.260415,172.30.1.250,172.30.1.1,UDP,192
Teams,1948,151.314291,172.30.1.250,172.30.1.1,UDP,168
Teams,1949,151.367546,172.30.1.250,172.30.1.1,UDP,192
Teams,1950,151.654977,172.30.1.250,172.30.1.1,UDP,216
Teams,1951,151.741349,172.30.1.250,172.30.1.1,UDP,132
Teams,1952,151.741467,172.30.1.250,172.30.1.1,UDP,1308
Teams,1953,151.741511,172.30.1.250,172.30.1.1,UDP,1308
Teams,1954,151.741546,172.30.1.250,172.30.1.1,UDP,1308
Teams,1955,151.741582,172.30.1.250,172.30.1.1,UDP,1308
Teams,1956,151.783919,172.30.1.250,172.30.1.1,UDP,180
Teams,1957,151.842379,172.30.1.250,172.30.1.1,UDP,216
Teams,1958,151.853821,172.30.1.250,172.30.1.1,UDP,180
Teams,1959,152.295357,172.30.1.250,172.30.1.1,UDP,192
Teams,1960,152.295670,172.30.1.250,172.30.1.1,TCP,88
Teams,1961,152.295865,172.30.1.250,172.30.1.1,TCP,88
Teams,1962,152.295965,172.30.1.250,172.30.1.1,UDP,192
Teams,1963,152.348953,172.30.1.250,172.30.1.1,UDP,168
Teams,1964,152.349226,172.30.1.250,172.30.1.1,UDP,168
Teams,1965,152.349714,172.30.1.250,172.30.1.1,UDP,168
Teams,1966,152.349967,172.30.1.250,172.30.1.1,UDP,192
Teams,1967,152.905081,172.30.1.250,172.30.1.1,UDP,180
Teams,1968,153.384834,172.30.1.250,172.30.1.1,UDP,192
Teams,1969,153.385132,172.30.1.250,172.30.1.1,UDP,192
Teams,1970,153.385244,172.30.1.250,172.30.1.1,UDP,192
Teams,1971,153.385365,172.30.1.250,172.30.1.1,UDP,192
Teams,1972,153.546327,172.30.1.1,172.30.1.250,DNS,120
Teams,1973,153.587699,172.30.1.250,172.30.1.1,DNS,192
Teams,1974,153.591246,172.30.1.1,172.30.1.250,TCP,108
Teams,1975,153.654468,172.30.1.250,172.30.1.1,TCP,96
Teams,1976,153.655142,172.30.1.1,172.30.1.250,TCP,88
Teams,1977,153.658661,172.30.1.1,172.30.1.250,TLSv1.2,604
Teams,1978,153.659013,172.30.1.250,172.30.1.1,TCP,88
Teams,1979,153.724158,172.30.1.250,172.30.1.1,TCP,1424
Teams,1980,153.724500,172.30.1.1,172.30.1.250,TCP,88
Teams,1981,153.732065,172.30.1.250,172.30.1.1,TLSv1.2,4948
Teams,1982,153.732890,172.30.1.1,172.30.1.250,TCP,88
Teams,1983,153.743653,172.30.1.1,172.30.1.250,TLSv1.2,244
Teams,1984,153.743868,172.30.1.250,172.30.1.1,TCP,88
Teams,1985,153.854271,172.30.1.250,172.30.1.1,TLSv1.2,208
Teams,1986,153.858474,172.30.1.1,172.30.1.250,TLSv1.2,140
Teams,1987,153.858686,172.30.1.250,172.30.1.1,TCP,88
Teams,1988,153.859377,172.30.1.1,172.30.1.250,TLSv1.2,132
Teams,1989,153.859450,172.30.1.250,172.30.1.1,TCP,88
Teams,1990,153.859983,172.30.1.1,172.30.1.250,TLSv1.2,128
Teams,1991,153.860122,172.30.1.250,172.30.1.1,TCP,88
Teams,1992,153.865244,172.30.1.1,172.30.1.250,TLSv1.2,124
Teams,1993,153.865691,172.30.1.250,172.30.1.1,TCP,88
Teams,1994,153.870307,172.30.1.1,172.30.1.250,TLSv1.2,2724
Teams,1995,153.870498,172.30.1.250,172.30.1.1,TCP,88
Teams,1996,153.902763,172.30.1.250,172.30.1.1,TLSv1.2,124
Teams,1997,153.945849,172.30.1.1,172.30.1.250,TCP,88
Teams,1998,154.224678,172.30.1.250,172.30.1.1,TLSv1.2,1240
Teams,1999,154.225471,172.30.1.1,172.30.1.250,TCP,88
Teams,2000,154.415023,172.30.1.250,172.30.1.1,UDP,192
Teams,2001,154.416145,172.30.1.250,172.30.1.1,UDP,192
Teams,2002,154.416228,172.30.1.250,172.30.1.1,UDP,192
Teams,2003,154.416304,172.30.1.250,172.30.1.1,UDP,192
Teams,2004,154.744476,172.30.1.250,172.30.1.1,UDP,132
Teams,2005,154.744646,172.30.1.250,172.30.1.1,UDP,1308
Teams,2006,154.744709,172.30.1.250,172.30.1.1,UDP,1308
Teams,2007,154.744765,172.30.1.250,172.30.1.1,UDP,1308
Teams,2008,154.744821,172.30.1.250,172.30.1.1,UDP,1308
Teams,2009,154.744878,172.30.1.250,172.30.1.1,UDP,180
Teams,2010,154.964852,172.30.1.250,172.30.1.1,UDP,216
Teams,2011,155.473782,172.30.1.250,172.30.1.1,UDP,192
Teams,2012,155.473994,172.30.1.250,172.30.1.1,UDP,192
Teams,2013,155.474073,172.30.1.250,172.30.1.1,UDP,192
Teams,2014,155.474270,172.30.1.250,172.30.1.1,UDP,192
Teams,2015,156.255194,172.30.1.250,172.30.1.1,UDP,180
Teams,2016,156.493754,172.30.1.250,172.30.1.1,UDP,192
Teams,2017,156.494289,172.30.1.250,172.30.1.1,UDP,192
Teams,2018,156.494374,172.30.1.250,172.30.1.1,UDP,192
Teams,2019,156.494434,172.30.1.250,172.30.1.1,UDP,168
Teams,2020,156.922683,172.30.1.250,172.30.1.1,UDP,180
Teams,2021,157.297657,172.30.1.250,172.30.1.1,UDP,168
Teams,2022,157.297867,172.30.1.250,172.30.1.1,UDP,168
Teams,2023,157.407403,172.30.1.250,172.30.1.1,UDP,168
Teams,2024,157.472102,172.30.1.250,172.30.1.1,UDP,216
Teams,2025,157.517328,172.30.1.250,172.30.1.1,UDP,192
Teams,2026,157.761408,172.30.1.250,172.30.1.1,UDP,132
Teams,2027,157.761537,172.30.1.250,172.30.1.1,UDP,1308
Teams,2028,157.761589,172.30.1.250,172.30.1.1,UDP,1308
Teams,2029,157.761626,172.30.1.250,172.30.1.1,UDP,1308
Teams,2030,157.761662,172.30.1.250,172.30.1.1,UDP,1308
Teams,2031,158.248179,172.30.1.250,172.30.1.1,UDP,216
Teams,2032,158.325494,172.30.1.250,172.30.1.1,UDP,192
Teams,2033,158.326835,172.30.1.250,172.30.1.1,UDP,192
Teams,2034,158.435870,172.30.1.250,172.30.1.1,UDP,192
Teams,2035,158.547968,172.30.1.250,172.30.1.1,UDP,192
Teams,2036,159.364087,172.30.1.250,172.30.1.1,UDP,192
Teams,2037,159.366488,172.30.1.250,172.30.1.1,UDP,192
Teams,2038,159.472143,172.30.1.250,172.30.1.1,UDP,192
Teams,2039,159.577985,172.30.1.250,172.30.1.1,UDP,192
Teams,2040,160.391073,172.30.1.250,172.30.1.1,UDP,192
Teams,2041,160.391559,172.30.1.250,172.30.1.1,UDP,192
Teams,2042,160.458021,172.30.1.250,172.30.1.1,UDP,180
Teams,2043,160.501164,172.30.1.250,172.30.1.1,UDP,192
Teams,2044,160.607766,172.30.1.250,172.30.1.1,UDP,192
Teams,2045,160.781079,172.30.1.250,172.30.1.1,UDP,132
Teams,2046,160.781420,172.30.1.250,172.30.1.1,UDP,1308
Teams,2047,160.781511,172.30.1.250,172.30.1.1,UDP,1308
Teams,2048,160.781577,172.30.1.250,172.30.1.1,UDP,1308
Teams,2049,160.781639,172.30.1.250,172.30.1.1,UDP,1308
Teams,2050,161.176434,172.30.1.250,172.30.1.1,UDP,216
Teams,2051,161.208398,172.30.1.250,172.30.1.1,UDP,180
Teams,2052,161.360919,172.30.1.250,172.30.1.1,UDP,168
Teams,2053,161.414832,172.30.1.250,172.30.1.1,UDP,192
Teams,2054,161.415346,172.30.1.250,172.30.1.1,UDP,192
Teams,2055,161.522641,172.30.1.250,172.30.1.1,UDP,192
Teams,2056,161.662327,172.30.1.1,172.30.1.250,TLSv1.2,132
Teams,2057,161.662530,172.30.1.250,172.30.1.1,TCP,88
Teams,2058,161.717633,172.30.1.250,172.30.1.1,TLSv1.2,128
Teams,2059,161.717963,172.30.1.1,172.30.1.250,TCP,88
Teams,2060,161.857199,172.30.1.250,172.30.1.1,UDP,132
Teams,2061,161.857638,172.30.1.250,172.30.1.1,UDP,1308
Teams,2062,161.857718,172.30.1.250,172.30.1.1,UDP,1308
Teams,2063,161.859807,172.30.1.250,172.30.1.1,UDP,1308
Teams,2064,161.860015,172.30.1.250,172.30.1.1,UDP,1308
Teams,2065,161.862616,172.30.1.1,172.30.1.250,TLSv1.2,1776
Teams,2066,161.863045,172.30.1.250,172.30.1.1,TCP,88
Teams,2067,161.863938,172.30.1.1,172.30.1.250,TLSv1.2,512
Teams,2068,161.864087,172.30.1.250,172.30.1.1,TCP,88
Teams,2069,161.996149,172.30.1.1,172.30.1.250,TLSv1.2,132
Teams,2070,161.996276,172.30.1.250,172.30.1.1,TCP,88
Teams,2071,162.067098,172.30.1.250,172.30.1.1,TLSv1.2,128
Teams,2072,162.067261,172.30.1.1,172.30.1.250,TCP,88
Teams,2073,162.110800,172.30.1.250,172.30.1.1,TLSv1.2,592
Teams,2074,162.111716,172.30.1.1,172.30.1.250,TCP,88
Teams,2075,162.154796,172.30.1.250,172.30.1.1,TLSv1.2,3136
Teams,2076,162.155147,172.30.1.1,172.30.1.250,TCP,88
Teams,2077,162.157650,172.30.1.1,172.30.1.250,TLSv1.2,336
Teams,2078,162.157729,172.30.1.250,172.30.1.1,TLSv1.2,3136
Teams,2079,162.157982,172.30.1.250,172.30.1.1,TCP,88
Teams,2080,162.159899,172.30.1.1,172.30.1.250,TLSv1.2,336
Teams,2081,162.160033,172.30.1.250,172.30.1.1,TCP,88
Teams,2082,162.190519,172.30.1.1,172.30.1.250,TLSv1.2,1808
Teams,2083,162.190649,172.30.1.250,172.30.1.1,TCP,88
Teams,2084,162.191475,172.30.1.1,172.30.1.250,TLSv1.2,240
Teams,2085,162.191512,172.30.1.250,172.30.1.1,TCP,88
Teams,2086,162.197312,172.30.1.250,172.30.1.1,UDP,180
Teams,2087,162.203422,172.30.1.250,172.30.1.1,TLSv1.2,884
Teams,2088,162.203687,172.30.1.1,172.30.1.250,TCP,88
Teams,2089,162.204920,172.30.1.1,172.30.1.250,TLSv1.2,852
Teams,2090,162.205073,172.30.1.250,172.30.1.1,TCP,88
Teams,2091,162.205372,172.30.1.1,172.30.1.250,TLSv1.2,120
Teams,2092,162.205402,172.30.1.250,172.30.1.1,TCP,88
Teams,2093,162.324328,172.30.1.250,172.30.1.1,UDP,168
Teams,2094,162.360139,172.30.1.250,172.30.1.1,TLSv1.2,884
Teams,2095,162.360237,172.30.1.1,172.30.1.250,TCP,88
Teams,2096,162.360775,172.30.1.1,172.30.1.250,TLSv1.2,852
Teams,2097,162.360835,172.30.1.250,172.30.1.1,TCP,88
Teams,2098,162.360879,172.30.1.1,172.30.1.250,TLSv1.2,120
Teams,2099,162.360891,172.30.1.250,172.30.1.1,TCP,88
Teams,2100,162.365308,172.30.1.250,172.30.1.1,TLSv1.2,592
Teams,2101,162.365538,172.30.1.1,172.30.1.250,TCP,88
Teams,2102,162.377603,172.30.1.250,172.30.1.1,UDP,168
Teams,2103,162.377699,172.30.1.250,172.30.1.1,UDP,192
Teams,2104,162.398287,172.30.1.250,172.30.1.1,TCP,2784
Teams,2105,162.401597,172.30.1.250,172.30.1.1,TLSv1.2,440
Teams,2106,162.402825,172.30.1.1,172.30.1.250,TCP,88
Teams,2107,162.404125,172.30.1.1,172.30.1.250,TLSv1.2,336
Teams,2108,162.404210,172.30.1.250,172.30.1.1,TCP,88
Teams,2109,162.413066,172.30.1.250,172.30.1.1,TLSv1.2,3136
Teams,2110,162.415362,172.30.1.1,172.30.1.250,TLSv1.2,336
Teams,2111,162.415748,172.30.1.250,172.30.1.1,TCP,88
Teams,2112,162.486776,172.30.1.250,172.30.1.1,UDP,168
Teams,2113,163.361771,172.30.1.250,172.30.1.1,UDP,192
Teams,2114,163.418156,172.30.1.250,172.30.1.1,UDP,192
Teams,2115,163.419378,172.30.1.250,172.30.1.1,UDP,192
Teams,2116,163.530718,172.30.1.250,172.30.1.1,UDP,192
Teams,2117,164.399754,172.30.1.250,172.30.1.1,UDP,192
Teams,2118,164.455763,172.30.1.250,172.30.1.1,UDP,192
Teams,2119,164.456228,172.30.1.250,172.30.1.1,UDP,192
Teams,2120,164.561126,172.30.1.250,172.30.1.1,UDP,192
Teams,2121,164.593628,172.30.1.250,172.30.1.1,UDP,176
Teams,2122,164.614090,172.30.1.250,172.30.1.1,UDP,200
Teams,2123,164.639118,172.30.1.250,172.30.1.1,UDP,180
Teams,2124,164.659593,172.30.1.250,172.30.1.1,UDP,204
Teams,2125,164.659796,172.30.1.250,172.30.1.1,UDP,200
Teams,2126,164.673236,172.30.1.250,172.30.1.1,UDP,200
Teams,2127,164.712123,172.30.1.250,172.30.1.1,UDP,188
Teams,2128,164.714994,172.30.1.250,172.30.1.1,UDP,200
Teams,2129,164.737147,172.30.1.250,172.30.1.1,UDP,204
Teams,2130,164.757589,172.30.1.250,172.30.1.1,UDP,196
Teams,2131,164.773360,172.30.1.250,172.30.1.1,UDP,204
Teams,2132,164.792395,172.30.1.250,172.30.1.1,UDP,180
Teams,2133,164.795161,172.30.1.250,172.30.1.1,UDP,200
Teams,2134,164.826717,172.30.1.250,172.30.1.1,UDP,208
Teams,2135,164.831156,172.30.1.250,172.30.1.1,UDP,200
Teams,2136,164.854311,172.30.1.250,172.30.1.1,UDP,192
Teams,2137,164.871400,172.30.1.250,172.30.1.1,UDP,132
Teams,2138,164.871635,172.30.1.250,172.30.1.1,UDP,1308
Teams,2139,164.871760,172.30.1.250,172.30.1.1,UDP,1308
Teams,2140,164.871867,172.30.1.250,172.30.1.1,UDP,1308
Teams,2141,164.871972,172.30.1.250,172.30.1.1,UDP,1308
Teams,2142,164.880959,172.30.1.250,172.30.1.1,UDP,184
Teams,2143,164.902426,172.30.1.250,172.30.1.1,UDP,180
Teams,2144,164.916994,172.30.1.250,172.30.1.1,UDP,208
Teams,2145,164.931453,172.30.1.250,172.30.1.1,UDP,204
Teams,2146,164.974040,172.30.1.250,172.30.1.1,UDP,200
Teams,2147,164.974639,172.30.1.250,172.30.1.1,UDP,204
Teams,2148,164.992113,172.30.1.250,172.30.1.1,UDP,192
Teams,2149,165.030066,172.30.1.250,172.30.1.1,UDP,204
Teams,2150,165.030267,172.30.1.250,172.30.1.1,UDP,208
Teams,2151,165.055009,172.30.1.250,172.30.1.1,UDP,204
Teams,2152,165.089825,172.30.1.250,172.30.1.1,UDP,212
Teams,2153,165.094929,172.30.1.250,172.30.1.1,UDP,200
Teams,2154,165.116258,172.30.1.250,172.30.1.1,UDP,200
Teams,2155,165.142231,172.30.1.250,172.30.1.1,UDP,196
Teams,2156,165.154884,172.30.1.250,172.30.1.1,UDP,200
Teams,2157,165.177774,172.30.1.250,172.30.1.1,UDP,192
Teams,2158,165.193044,172.30.1.250,172.30.1.1,UDP,208
Teams,2159,165.213295,172.30.1.250,172.30.1.1,UDP,208
Teams,2160,165.234367,172.30.1.250,172.30.1.1,UDP,124
Teams,2161,165.442800,172.30.1.250,172.30.1.1,UDP,192
Teams,2162,165.499332,172.30.1.250,172.30.1.1,UDP,192
Teams,2163,165.499976,172.30.1.250,172.30.1.1,UDP,192
Teams,2164,165.611356,172.30.1.250,172.30.1.1,UDP,192
Teams,2165,165.719693,172.30.1.250,172.30.1.1,STUN,296
Teams,2166,165.832684,172.30.1.250,172.30.1.1,STUN,296
Teams,2167,165.834055,172.30.1.250,172.30.1.1,STUN,296
Teams,2168,166.062458,172.30.1.250,172.30.1.1,STUN,296
Teams,2169,166.245766,172.30.1.250,172.30.1.1,STUN,260
Teams,2170,166.277874,172.30.1.250,172.30.1.1,UDP,236
Teams,2171,166.317666,172.30.1.250,172.30.1.1,STUN,260
Teams,2172,166.317848,172.30.1.250,172.30.1.1,STUN,260
Teams,2173,166.441819,172.30.1.250,172.30.1.1,UDP,168
Teams,2174,166.473422,172.30.1.250,172.30.1.1,STUN,260
Teams,2175,166.495920,172.30.1.250,172.30.1.1,UDP,192
Teams,2176,166.552384,172.30.1.250,172.30.1.1,UDP,192
Teams,2177,166.604411,172.30.1.250,172.30.1.1,TLSv1.2,1204
Teams,2178,166.613563,172.30.1.1,172.30.1.250,TLSv1.2,336
Teams,2179,166.613999,172.30.1.250,172.30.1.1,TCP,88
Teams,2180,166.659661,172.30.1.250,172.30.1.1,UDP,192
Teams,2181,167.250764,172.30.1.250,172.30.1.1,UDP,180
Teams,2182,167.361549,172.30.1.250,172.30.1.1,UDP,168
Teams,2183,167.418511,172.30.1.250,172.30.1.1,UDP,168
Teams,2184,167.473934,172.30.1.250,172.30.1.1,UDP,192
Teams,2185,167.528310,172.30.1.250,172.30.1.1,UDP,168
Teams,2186,167.872022,172.30.1.250,172.30.1.1,UDP,132
Teams,2187,167.872843,172.30.1.250,172.30.1.1,UDP,1308
Teams,2188,167.872955,172.30.1.250,172.30.1.1,UDP,1308
Teams,2189,167.873030,172.30.1.250,172.30.1.1,UDP,1308
Teams,2190,168.089213,172.30.1.250,172.30.1.1,UDP,180
Teams,2191,168.405900,172.30.1.250,172.30.1.1,UDP,192
Teams,2192,168.459605,172.30.1.250,172.30.1.1,UDP,192
Teams,2193,168.513521,172.30.1.250,172.30.1.1,UDP,192
Teams,2194,168.568679,172.30.1.250,172.30.1.1,UDP,192
Teams,2195,169.063112,172.30.1.250,172.30.1.1,UDP,180
Teams,2196,169.118970,172.30.1.250,172.30.1.1,UDP,236
Teams,2197,169.438619,172.30.1.250,172.30.1.1,UDP,192
Teams,2198,169.494414,172.30.1.250,172.30.1.1,UDP,192
Teams,2199,169.551994,172.30.1.250,172.30.1.1,UDP,192
Teams,2200,169.607149,172.30.1.250,172.30.1.1,UDP,192
Teams,2201,170.496543,172.30.1.250,172.30.1.1,UDP,192
Teams,2202,170.529703,172.30.1.250,172.30.1.1,UDP,180
Teams,2203,170.552654,172.30.1.250,172.30.1.1,UDP,192
Teams,2204,170.607998,172.30.1.250,172.30.1.1,UDP,192
Teams,2205,170.663646,172.30.1.250,172.30.1.1,UDP,192
Teams,2206,170.719100,172.30.1.250,172.30.1.1,UDP,192
Teams,2207,170.735453,172.30.1.250,172.30.1.1,UDP,216
Teams,2208,170.756173,172.30.1.250,172.30.1.1,UDP,196
Teams,2209,170.796329,172.30.1.250,172.30.1.1,UDP,188
Teams,2210,170.796748,172.30.1.250,172.30.1.1,UDP,204
Teams,2211,170.817217,172.30.1.250,172.30.1.1,UDP,212
Teams,2212,170.848476,172.30.1.250,172.30.1.1,UDP,204
Teams,2213,170.852995,172.30.1.250,172.30.1.1,UDP,208
Teams,2214,170.875980,172.30.1.250,172.30.1.1,UDP,220
Teams,2215,170.888885,172.30.1.250,172.30.1.1,UDP,132
Teams,2216,170.889049,172.30.1.250,172.30.1.1,UDP,1308
Teams,2217,170.889177,172.30.1.250,172.30.1.1,UDP,1308
Teams,2218,170.889370,172.30.1.250,172.30.1.1,UDP,1308
Teams,2219,170.889499,172.30.1.250,172.30.1.1,UDP,1308
Teams,2220,170.904366,172.30.1.250,172.30.1.1,UDP,204
Teams,2221,170.918088,172.30.1.250,172.30.1.1,UDP,208
Teams,2222,170.938035,172.30.1.250,172.30.1.1,UDP,200
Teams,2223,170.968692,172.30.1.250,172.30.1.1,UDP,208
Teams,2224,170.982575,172.30.1.250,172.30.1.1,UDP,208
Teams,2225,171.002821,172.30.1.250,172.30.1.1,UDP,208
Teams,2226,171.022651,172.30.1.250,172.30.1.1,UDP,204
Teams,2227,171.066891,172.30.1.250,172.30.1.1,UDP,208
Teams,2228,171.067133,172.30.1.250,172.30.1.1,UDP,204
Teams,2229,171.078148,172.30.1.250,172.30.1.1,UDP,208
Teams,2230,171.119819,172.30.1.250,172.30.1.1,UDP,204
Teams,2231,171.123316,172.30.1.250,172.30.1.1,UDP,200
Teams,2232,171.140378,172.30.1.250,172.30.1.1,UDP,212
Teams,2233,171.175912,172.30.1.250,172.30.1.1,UDP,200
Teams,2234,171.181779,172.30.1.250,172.30.1.1,UDP,204
Teams,2235,171.199410,172.30.1.250,172.30.1.1,UDP,208
Teams,2236,171.216560,172.30.1.250,172.30.1.1,UDP,216
Teams,2237,171.240138,172.30.1.250,172.30.1.1,UDP,216
Teams,2238,171.255390,172.30.1.250,172.30.1.1,UDP,204
Teams,2239,171.277035,172.30.1.250,172.30.1.1,UDP,212
Teams,2240,171.297718,172.30.1.250,172.30.1.1,UDP,200
Teams,2241,171.318308,172.30.1.250,172.30.1.1,UDP,204
Teams,2242,171.340444,172.30.1.250,172.30.1.1,UDP,208
Teams,2243,171.358695,172.30.1.250,172.30.1.1,UDP,208
Teams,2244,171.377475,172.30.1.250,172.30.1.1,UDP,220
Teams,2245,171.400013,172.30.1.250,172.30.1.1,UDP,208
Teams,2246,171.432996,172.30.1.250,172.30.1.1,UDP,212
Teams,2247,171.436174,172.30.1.250,172.30.1.1,UDP,200
Teams,2248,171.459736,172.30.1.250,172.30.1.1,UDP,192
Teams,2249,171.494595,172.30.1.250,172.30.1.1,UDP,200
Teams,2250,171.494778,172.30.1.250,172.30.1.1,UDP,184
Teams,2251,171.516478,172.30.1.250,172.30.1.1,UDP,192
Teams,2252,171.519470,172.30.1.250,172.30.1.1,UDP,180
Teams,2253,171.548595,172.30.1.250,172.30.1.1,UDP,188
Teams,2254,171.560346,172.30.1.250,172.30.1.1,UDP,180
Teams,2255,171.576651,172.30.1.250,172.30.1.1,UDP,192
Teams,2256,171.576838,172.30.1.250,172.30.1.1,UDP,168
Teams,2257,171.578758,172.30.1.250,172.30.1.1,UDP,168
Teams,2258,171.604828,172.30.1.250,172.30.1.1,UDP,168
Teams,2259,171.618168,172.30.1.250,172.30.1.1,UDP,172
Teams,2260,171.635265,172.30.1.250,172.30.1.1,UDP,156
Teams,2261,171.656150,172.30.1.250,172.30.1.1,UDP,160
Teams,2262,171.666761,172.30.1.250,172.30.1.1,UDP,180
Teams,2263,171.688694,172.30.1.250,172.30.1.1,UDP,192
Teams,2264,171.700245,172.30.1.250,172.30.1.1,UDP,168
Teams,2265,171.703840,172.30.1.250,172.30.1.1,UDP,160
Teams,2266,171.713490,172.30.1.250,172.30.1.1,UDP,160
Teams,2267,171.751680,172.30.1.250,172.30.1.1,UDP,164
Teams,2268,171.753772,172.30.1.250,172.30.1.1,UDP,160
Teams,2269,171.774125,172.30.1.250,172.30.1.1,UDP,160
Teams,2270,171.807475,172.30.1.250,172.30.1.1,UDP,156
Teams,2271,171.816507,172.30.1.250,172.30.1.1,UDP,180
Teams,2272,171.833611,172.30.1.250,172.30.1.1,UDP,200
Teams,2273,171.855580,172.30.1.250,172.30.1.1,UDP,204
Teams,2274,171.880462,172.30.1.250,172.30.1.1,UDP,196
Teams,2275,171.899118,172.30.1.250,172.30.1.1,UDP,196
Teams,2276,171.916873,172.30.1.250,172.30.1.1,UDP,200
Teams,2277,171.942799,172.30.1.250,172.30.1.1,UDP,212
Teams,2278,171.960131,172.30.1.250,172.30.1.1,UDP,124
Teams,2279,171.976317,172.30.1.250,172.30.1.1,UDP,184
Teams,2280,171.979077,172.30.1.250,172.30.1.1,UDP,236
Teams,2281,171.998270,172.30.1.250,172.30.1.1,UDP,204
Teams,2282,172.018305,172.30.1.250,172.30.1.1,UDP,204
Teams,2283,172.037435,172.30.1.250,172.30.1.1,UDP,200
Teams,2284,172.062557,172.30.1.250,172.30.1.1,UDP,196
Teams,2285,172.082159,172.30.1.250,172.30.1.1,UDP,192
Teams,2286,172.102249,172.30.1.250,172.30.1.1,UDP,184
Teams,2287,172.136320,172.30.1.250,172.30.1.1,UDP,188
Teams,2288,172.136971,172.30.1.250,172.30.1.1,UDP,184
Teams,2289,172.162897,172.30.1.250,172.30.1.1,UDP,188
Teams,2290,172.182761,172.30.1.250,172.30.1.1,UDP,196
Teams,2291,172.201331,172.30.1.250,172.30.1.1,UDP,204
Teams,2292,172.216832,172.30.1.250,172.30.1.1,UDP,200
Teams,2293,172.239900,172.30.1.250,172.30.1.1,UDP,200
Teams,2294,172.254406,172.30.1.250,172.30.1.1,UDP,192
Teams,2295,172.273711,172.30.1.250,172.30.1.1,UDP,200
Teams,2296,172.295222,172.30.1.250,172.30.1.1,UDP,196
Teams,2297,172.338914,172.30.1.250,172.30.1.1,UDP,200
Teams,2298,172.342899,172.30.1.250,172.30.1.1,UDP,204
Teams,2299,172.356804,172.30.1.250,172.30.1.1,UDP,196
Teams,2300,172.373164,172.30.1.250,172.30.1.1,UDP,196
Teams,2301,172.397804,172.30.1.250,172.30.1.1,UDP,196
Teams,2302,172.421980,172.30.1.250,172.30.1.1,UDP,188
Teams,2303,172.433203,172.30.1.250,172.30.1.1,UDP,168
Teams,2304,172.437223,172.30.1.250,172.30.1.1,UDP,188
Teams,2305,172.458330,172.30.1.250,172.30.1.1,UDP,184
Teams,2306,172.481030,172.30.1.250,172.30.1.1,UDP,176
Teams,2307,172.490029,172.30.1.250,172.30.1.1,UDP,168
Teams,2308,172.500415,172.30.1.250,172.30.1.1,UDP,180
Teams,2309,172.519229,172.30.1.250,172.30.1.1,UDP,124
Teams,2310,172.602847,172.30.1.250,172.30.1.1,UDP,168
Teams,2311,172.603865,172.30.1.250,172.30.1.1,UDP,192
Teams,2312,173.236356,172.30.1.250,172.30.1.1,UDP,188
Teams,2313,173.257630,172.30.1.250,172.30.1.1,UDP,212
Teams,2314,173.281152,172.30.1.250,172.30.1.1,UDP,188
Teams,2315,173.296264,172.30.1.250,172.30.1.1,UDP,196
Teams,2316,173.315779,172.30.1.250,172.30.1.1,UDP,196
Teams,2317,173.327917,172.30.1.250,172.30.1.1,UDP,180
Teams,2318,173.340387,172.30.1.250,172.30.1.1,UDP,200
Teams,2319,173.358819,172.30.1.250,172.30.1.1,UDP,208
Teams,2320,173.379271,172.30.1.250,172.30.1.1,UDP,196
Teams,2321,173.413785,172.30.1.250,172.30.1.1,UDP,200
Teams,2322,173.420874,172.30.1.250,172.30.1.1,UDP,196
Teams,2323,173.440572,172.30.1.250,172.30.1.1,UDP,204
Teams,2324,173.449961,172.30.1.250,172.30.1.1,UDP,180
Teams,2325,173.463447,172.30.1.250,172.30.1.1,UDP,192
Teams,2326,173.471428,172.30.1.250,172.30.1.1,UDP,192
Teams,2327,173.478060,172.30.1.250,172.30.1.1,UDP,192
Teams,2328,173.497979,172.30.1.250,172.30.1.1,UDP,188
Teams,2329,173.522966,172.30.1.250,172.30.1.1,UDP,188
Teams,2330,173.525202,172.30.1.250,172.30.1.1,UDP,192
Teams,2331,173.541938,172.30.1.250,172.30.1.1,UDP,176
Teams,2332,173.559477,172.30.1.250,172.30.1.1,UDP,168
Teams,2333,173.584279,172.30.1.250,172.30.1.1,UDP,172
Teams,2334,173.615607,172.30.1.250,172.30.1.1,UDP,160
Teams,2335,173.615801,172.30.1.250,172.30.1.1,UDP,184
Teams,2336,173.637391,172.30.1.250,172.30.1.1,UDP,212
Teams,2337,173.639343,172.30.1.250,172.30.1.1,UDP,192
Teams,2338,173.639515,172.30.1.250,172.30.1.1,UDP,192
Teams,2339,173.652140,172.30.1.250,172.30.1.1,UDP,208
Teams,2340,173.678791,172.30.1.250,172.30.1.1,UDP,196
Teams,2341,173.696439,172.30.1.250,172.30.1.1,UDP,196
Teams,2342,173.717130,172.30.1.250,172.30.1.1,UDP,196
Teams,2343,173.739384,172.30.1.250,172.30.1.1,UDP,200
Teams,2344,173.756225,172.30.1.250,172.30.1.1,UDP,192
Teams,2345,173.791029,172.30.1.250,172.30.1.1,UDP,208
Teams,2346,173.794339,172.30.1.250,172.30.1.1,UDP,124
Teams,2347,173.894601,172.30.1.250,172.30.1.1,UDP,132
Teams,2348,173.895296,172.30.1.250,172.30.1.1,UDP,1308
Teams,2349,173.895459,172.30.1.250,172.30.1.1,UDP,1308
Teams,2350,173.895688,172.30.1.250,172.30.1.1,UDP,1308
Teams,2351,173.896378,172.30.1.250,172.30.1.1,UDP,1308
Teams,2352,173.987434,172.30.1.250,172.30.1.1,UDP,180
Teams,2353,174.486545,172.30.1.250,172.30.1.1,UDP,192
Teams,2354,174.544874,172.30.1.250,172.30.1.1,UDP,192
Teams,2355,174.656729,172.30.1.250,172.30.1.1,UDP,192
Teams,2356,174.656927,172.30.1.250,172.30.1.1,UDP,192
Teams,2357,175.546224,172.30.1.250,172.30.1.1,UDP,192
Teams,2358,175.606064,172.30.1.250,172.30.1.1,UDP,192
Teams,2359,175.631730,172.30.1.250,172.30.1.1,UDP,236
Teams,2360,175.711236,172.30.1.250,172.30.1.1,UDP,192
Teams,2361,175.711488,172.30.1.250,172.30.1.1,UDP,192
Teams,2362,176.556316,172.30.1.250,172.30.1.1,UDP,192
Teams,2363,176.618369,172.30.1.250,172.30.1.1,UDP,192
Teams,2364,176.619229,172.30.1.250,172.30.1.1,UDP,168
Teams,2365,176.732462,172.30.1.250,172.30.1.1,UDP,192
Teams,2366,176.895533,172.30.1.250,172.30.1.1,UDP,132
Teams,2367,176.896469,172.30.1.250,172.30.1.1,UDP,1308
Teams,2368,176.896869,172.30.1.250,172.30.1.1,UDP,1308
Teams,2369,176.897659,172.30.1.250,172.30.1.1,UDP,1308
Teams,2370,176.898028,172.30.1.250,172.30.1.1,UDP,1308
Teams,2371,176.898303,172.30.1.250,172.30.1.1,UDP,180
Teams,2372,177.403876,172.30.1.250,172.30.1.1,TCP,88
Teams,2373,177.519500,172.30.1.250,172.30.1.1,UDP,168
Teams,2374,177.521024,172.30.1.250,172.30.1.1,UDP,168
Teams,2375,177.681845,172.30.1.250,172.30.1.1,UDP,168
Teams,2376,177.685838,172.30.1.250,172.30.1.1,UDP,192
Teams,2377,177.916841,172.30.1.250,172.30.1.1,UDP,180
Teams,2378,178.564183,172.30.1.250,172.30.1.1,UDP,192
Teams,2379,178.567288,172.30.1.250,172.30.1.1,UDP,192
Teams,2380,178.726979,172.30.1.250,172.30.1.1,UDP,192
Teams,2381,178.727872,172.30.1.250,172.30.1.1,UDP,192
Teams,2382,178.798983,172.30.1.250,172.30.1.1,UDP,236
Teams,2383,178.963429,172.30.1.250,172.30.1.1,UDP,180
Teams,2384,179.622100,172.30.1.250,172.30.1.1,UDP,192
Teams,2385,179.623153,172.30.1.250,172.30.1.1,UDP,192
Teams,2386,179.623550,172.30.1.250,172.30.1.1,UDP,180
Teams,2387,179.796492,172.30.1.250,172.30.1.1,UDP,192
Teams,2388,179.798092,172.30.1.250,172.30.1.1,UDP,192
Teams,2389,179.900819,172.30.1.250,172.30.1.1,UDP,132
Teams,2390,179.901684,172.30.1.250,172.30.1.1,UDP,1308
Teams,2391,179.901889,172.30.1.250,172.30.1.1,UDP,1308
Teams,2392,179.902024,172.30.1.250,172.30.1.1,UDP,1308
Teams,2393,179.902163,172.30.1.250,172.30.1.1,UDP,1308
Teams,2394,180.647892,172.30.1.250,172.30.1.1,UDP,192
Teams,2395,180.648923,172.30.1.250,172.30.1.1,UDP,192
Teams,2396,180.822628,172.30.1.250,172.30.1.1,UDP,192
Teams,2397,180.823937,172.30.1.250,172.30.1.1,UDP,192
Teams,2398,181.582992,172.30.1.250,172.30.1.1,UDP,180
Teams,2399,181.707925,172.30.1.250,172.30.1.1,UDP,192
Teams,2400,181.709535,172.30.1.250,172.30.1.1,UDP,192
Teams,2401,181.711595,172.30.1.250,172.30.1.1,UDP,168
Teams,2402,181.722044,172.30.1.1,172.30.1.250,TLSv1.2,132
Teams,2403,181.722223,172.30.1.250,172.30.1.1,TCP,88
Teams,2404,181.757954,172.30.1.250,172.30.1.1,TLSv1.2,128
Teams,2405,181.759292,172.30.1.1,172.30.1.250,TCP,88
Teams,2406,181.876300,172.30.1.250,172.30.1.1,UDP,192
Teams,2407,182.073125,172.30.1.1,172.30.1.250,TLSv1.2,132
Teams,2408,182.073655,172.30.1.250,172.30.1.1,TCP,88
Teams,2409,182.133765,172.30.1.250,172.30.1.1,TLSv1.2,128
Teams,2410,182.134244,172.30.1.1,172.30.1.250,TCP,88
Teams,2411,182.167252,172.30.1.250,172.30.1.1,UDP,180
Teams,2412,182.336683,172.30.1.250,172.30.1.1,TLSv1.2,884
Teams,2413,182.346106,172.30.1.1,172.30.1.250,TLSv1.2,852
Teams,2414,182.346404,172.30.1.250,172.30.1.1,TCP,88
Teams,2415,182.346605,172.30.1.1,172.30.1.250,TLSv1.2,120
Teams,2416,182.346673,172.30.1.250,172.30.1.1,TCP,88
Teams,2417,182.378366,172.30.1.1,172.30.1.250,TCP,88
Teams,2418,182.531855,172.30.1.250,172.30.1.1,TLSv1.2,884
Teams,2419,182.536309,172.30.1.1,172.30.1.250,TLSv1.2,852
Teams,2420,182.536706,172.30.1.250,172.30.1.1,TCP,88
Teams,2421,182.536926,172.30.1.1,172.30.1.250,TLSv1.2,120
Teams,2422,182.536990,172.30.1.250,172.30.1.1,TCP,88
Teams,2423,182.547320,172.30.1.250,172.30.1.1,UDP,168
Teams,2424,182.573896,172.30.1.1,172.30.1.250,TCP,88
Teams,2425,182.605537,172.30.1.250,172.30.1.1,UDP,168
Teams,2426,182.719669,172.30.1.250,172.30.1.1,UDP,168
Teams,2427,182.775672,172.30.1.250,172.30.1.1,UDP,192
Teams,2428,182.904835,172.30.1.250,172.30.1.1,UDP,132
Teams,2429,182.905490,172.30.1.250,172.30.1.1,UDP,1308
Teams,2430,182.905653,172.30.1.250,172.30.1.1,UDP,1308
Teams,2431,182.905775,172.30.1.250,172.30.1.1,UDP,1308
Teams,2432,182.905871,172.30.1.250,172.30.1.1,UDP,1308
Teams,2433,183.531818,172.30.1.250,172.30.1.1,UDP,236
Teams,2434,183.598790,172.30.1.250,172.30.1.1,UDP,192
Teams,2435,183.654253,172.30.1.250,172.30.1.1,UDP,192
Teams,2436,183.770550,172.30.1.250,172.30.1.1,UDP,192
Teams,2437,183.826322,172.30.1.250,172.30.1.1,UDP,192
Teams,2438,184.661639,172.30.1.250,172.30.1.1,UDP,192
Teams,2439,184.718089,172.30.1.250,172.30.1.1,UDP,192
Teams,2440,184.832054,172.30.1.250,172.30.1.1,UDP,192
Teams,2441,184.866404,172.30.1.250,172.30.1.1,UDP,180
Teams,2442,184.890141,172.30.1.250,172.30.1.1,UDP,192
Teams,2443,185.139383,172.30.1.250,172.30.1.1,UDP,180
Teams,2444,185.547224,172.30.1.250,172.30.1.1,UDP,180
Teams,2445,185.626454,172.30.1.250,172.30.1.1,UDP,216
Teams,2446,185.674305,172.30.1.250,172.30.1.1,UDP,192
Teams,2447,185.730442,172.30.1.250,172.30.1.1,UDP,192
Teams,2448,185.843729,172.30.1.250,172.30.1.1,UDP,192
Teams,2449,185.902304,172.30.1.250,172.30.1.1,UDP,192
Teams,2450,185.913954,172.30.1.250,172.30.1.1,UDP,132
Teams,2451,185.914251,172.30.1.250,172.30.1.1,UDP,1308
Teams,2452,185.914391,172.30.1.250,172.30.1.1,UDP,1308
Teams,2453,185.914508,172.30.1.250,172.30.1.1,UDP,1308
Teams,2454,185.914610,172.30.1.250,172.30.1.1,UDP,1308
Teams,2455,186.089938,172.30.1.1,172.30.1.250,DNS,124
Teams,2456,186.414196,172.30.1.250,172.30.1.1,DNS,248
Teams,2457,186.421540,172.30.1.1,172.30.1.250,TCP,108
Teams,2458,186.453501,172.30.1.250,172.30.1.1,STUN,296
Teams,2459,186.498232,172.30.1.250,172.30.1.1,STUN,260
Teams,2460,186.511498,172.30.1.250,172.30.1.1,STUN,296
Teams,2461,186.544488,172.30.1.250,172.30.1.1,TCP,96
Teams,2462,186.544920,172.30.1.1,172.30.1.250,TCP,88
Teams,2463,186.554596,172.30.1.1,172.30.1.250,TLSv1.3,604
Teams,2464,186.555431,172.30.1.250,172.30.1.1,TCP,88
Teams,2465,186.568788,172.30.1.250,172.30.1.1,STUN,296
Teams,2466,186.678630,172.30.1.250,172.30.1.1,STUN,260
Teams,2467,186.684805,172.30.1.250,172.30.1.1,STUN,296
Teams,2468,186.702723,172.30.1.250,172.30.1.1,STUN,260
Teams,2469,186.742723,172.30.1.250,172.30.1.1,UDP,192
Teams,2470,186.742973,172.30.1.250,172.30.1.1,UDP,192
Teams,2471,186.743152,172.30.1.250,172.30.1.1,STUN,260
Teams,2472,186.744859,172.30.1.250,172.30.1.1,UDP,168
Teams,2473,186.790550,172.30.1.250,172.30.1.1,TLSv1.3,188
Teams,2474,186.791726,172.30.1.1,172.30.1.250,TCP,88
Teams,2475,186.801659,172.30.1.1,172.30.1.250,TLSv1.3,544
Teams,2476,186.801888,172.30.1.250,172.30.1.1,TCP,88
Teams,2477,186.858770,172.30.1.250,172.30.1.1,UDP,192
Teams,2478,187.030091,172.30.1.250,172.30.1.1,TLSv1.3,6424
Teams,2479,187.078006,172.30.1.1,172.30.1.250,TCP,88
Teams,2480,187.083039,172.30.1.1,172.30.1.250,TLSv1.3,160
Teams,2481,187.083474,172.30.1.250,172.30.1.1,TCP,88
Teams,2482,187.086834,172.30.1.1,172.30.1.250,TLSv1.3,4104
Teams,2483,187.087133,172.30.1.250,172.30.1.1,TCP,88
Teams,2484,187.279960,172.30.1.250,172.30.1.1,TLSv1.3,192
Teams,2485,187.280943,172.30.1.1,172.30.1.250,TCP,88
Teams,2486,187.689424,172.30.1.250,172.30.1.1,UDP,168
Teams,2487,187.752050,172.30.1.250,172.30.1.1,UDP,168
Teams,2488,187.752282,172.30.1.250,172.30.1.1,UDP,168
Teams,2489,187.752372,172.30.1.250,172.30.1.1,UDP,168
Teams,2490,187.806671,172.30.1.250,172.30.1.1,UDP,192
Teams,2491,188.525846,172.30.1.250,172.30.1.1,TLSv1.3,536
Teams,2492,188.527061,172.30.1.1,172.30.1.250,TCP,88
Teams,2493,188.661163,172.30.1.250,172.30.1.1,UDP,216
Teams,2494,188.744838,172.30.1.250,172.30.1.1,UDP,192
Teams,2495,188.804142,172.30.1.250,172.30.1.1,UDP,192
Teams,2496,188.804552,172.30.1.250,172.30.1.1,UDP,192
Teams,2497,188.862140,172.30.1.250,172.30.1.1,UDP,192
Teams,2498,188.919781,172.30.1.250,172.30.1.1,UDP,132
Teams,2499,188.919977,172.30.1.250,172.30.1.1,UDP,1308
Teams,2500,188.920113,172.30.1.250,172.30.1.1,UDP,1308
Teams,2501,188.920205,172.30.1.250,172.30.1.1,UDP,1308
Teams,2502,188.920298,172.30.1.250,172.30.1.1,UDP,1308
Teams,2503,189.672441,172.30.1.250,172.30.1.1,UDP,180
Teams,2504,189.763319,172.30.1.250,172.30.1.1,UDP,192
Teams,2505,189.819870,172.30.1.250,172.30.1.1,UDP,192
Teams,2506,189.820112,172.30.1.250,172.30.1.1,UDP,192
Teams,2507,189.876433,172.30.1.250,172.30.1.1,UDP,192
Teams,2508,190.367615,172.30.1.250,172.30.1.1,UDP,180
Teams,2509,190.778140,172.30.1.250,172.30.1.1,UDP,192
Teams,2510,190.836707,172.30.1.250,172.30.1.1,UDP,192
Teams,2511,190.837138,172.30.1.250,172.30.1.1,UDP,192
Teams,2512,190.893941,172.30.1.250,172.30.1.1,UDP,192
Teams,2513,191.157198,172.30.1.250,172.30.1.1,UDP,180
Teams,2514,191.832835,172.30.1.250,172.30.1.1,UDP,192
Teams,2515,191.833658,172.30.1.250,172.30.1.1,UDP,168
Teams,2516,191.890353,172.30.1.250,172.30.1.1,UDP,192
Teams,2517,191.890569,172.30.1.250,172.30.1.1,UDP,192
Teams,2518,191.926475,172.30.1.250,172.30.1.1,UDP,132
Teams,2519,191.926700,172.30.1.250,172.30.1.1,UDP,1308
Teams,2520,191.926860,172.30.1.250,172.30.1.1,UDP,1308
Teams,2521,191.926999,172.30.1.250,172.30.1.1,UDP,1308
Teams,2522,191.927231,172.30.1.250,172.30.1.1,UDP,1308
Teams,2523,192.797019,172.30.1.250,172.30.1.1,UDP,168
Teams,2524,192.798225,172.30.1.250,172.30.1.1,UDP,168
Teams,2525,192.854661,172.30.1.250,172.30.1.1,UDP,168
Teams,2526,192.855615,172.30.1.250,172.30.1.1,UDP,192
Teams,2527,193.224278,172.30.1.250,172.30.1.1,UDP,180
Teams,2528,193.401243,172.30.1.250,172.30.1.1,UDP,192
Teams,2529,193.414758,172.30.1.250,172.30.1.1,UDP,208
Teams,2530,193.468275,172.30.1.250,172.30.1.1,UDP,204
Teams,2531,193.468792,172.30.1.250,172.30.1.1,UDP,200
Teams,2532,193.483640,172.30.1.250,172.30.1.1,UDP,200
Teams,2533,193.523903,172.30.1.250,172.30.1.1,UDP,200
Teams,2534,193.524095,172.30.1.250,172.30.1.1,UDP,236
Teams,2535,193.524231,172.30.1.250,172.30.1.1,UDP,200
Teams,2536,193.537473,172.30.1.250,172.30.1.1,UDP,204
Teams,2537,193.578943,172.30.1.250,172.30.1.1,UDP,204
Teams,2538,193.579118,172.30.1.250,172.30.1.1,UDP,200
Teams,2539,193.598240,172.30.1.250,172.30.1.1,UDP,192
Teams,2540,193.629558,172.30.1.250,172.30.1.1,UDP,200
Teams,2541,193.638605,172.30.1.250,172.30.1.1,UDP,196
Teams,2542,193.656718,172.30.1.250,172.30.1.1,UDP,192
Teams,2543,193.672790,172.30.1.250,172.30.1.1,UDP,196
Teams,2544,193.698760,172.30.1.250,172.30.1.1,UDP,200
Teams,2545,193.718515,172.30.1.250,172.30.1.1,UDP,204
Teams,2546,193.739453,172.30.1.250,172.30.1.1,UDP,200
Teams,2547,193.759522,172.30.1.250,172.30.1.1,UDP,196
Teams,2548,193.779983,172.30.1.250,172.30.1.1,UDP,208
Teams,2549,193.794506,172.30.1.250,172.30.1.1,UDP,212
Teams,2550,193.809594,172.30.1.250,172.30.1.1,UDP,192
Teams,2551,193.810043,172.30.1.250,172.30.1.1,UDP,192
Teams,2552,193.812851,172.30.1.250,172.30.1.1,UDP,220
Teams,2553,193.832953,172.30.1.250,172.30.1.1,UDP,216
Teams,2554,193.866617,172.30.1.250,172.30.1.1,UDP,204
Teams,2555,193.869240,172.30.1.250,172.30.1.1,UDP,192
Teams,2556,193.869463,172.30.1.250,172.30.1.1,UDP,192
Teams,2557,193.887693,172.30.1.250,172.30.1.1,UDP,204
Teams,2558,193.896349,172.30.1.250,172.30.1.1,UDP,204
Teams,2559,193.915187,172.30.1.250,172.30.1.1,UDP,200
Teams,2560,193.940759,172.30.1.250,172.30.1.1,UDP,204
Teams,2561,193.952099,172.30.1.250,172.30.1.1,UDP,196
Teams,2562,193.973641,172.30.1.250,172.30.1.1,UDP,204
Teams,2563,193.999596,172.30.1.250,172.30.1.1,UDP,196
Teams,2564,194.018228,172.30.1.250,172.30.1.1,UDP,196
Teams,2565,194.043420,172.30.1.250,172.30.1.1,UDP,204
Teams,2566,194.057881,172.30.1.250,172.30.1.1,UDP,204
Teams,2567,194.108563,172.30.1.250,172.30.1.1,UDP,192
Teams,2568,194.108794,172.30.1.250,172.30.1.1,UDP,188
Teams,2569,194.115142,172.30.1.250,172.30.1.1,UDP,196
Teams,2570,194.139653,172.30.1.250,172.30.1.1,UDP,192
Teams,2571,194.154463,172.30.1.250,172.30.1.1,UDP,188
Teams,2572,194.183769,172.30.1.250,172.30.1.1,UDP,188
Teams,2573,194.196462,172.30.1.250,172.30.1.1,UDP,192
Teams,2574,194.216339,172.30.1.250,172.30.1.1,UDP,196
Teams,2575,194.236575,172.30.1.250,172.30.1.1,UDP,180
Teams,2576,194.265220,172.30.1.250,172.30.1.1,UDP,176
Teams,2577,194.275543,172.30.1.250,172.30.1.1,UDP,180
Teams,2578,194.299549,172.30.1.250,172.30.1.1,UDP,188
Teams,2579,194.320514,172.30.1.250,172.30.1.1,UDP,180
Teams,2580,194.335056,172.30.1.250,172.30.1.1,UDP,196
Teams,2581,194.358179,172.30.1.250,172.30.1.1,UDP,188
Teams,2582,194.378770,172.30.1.250,172.30.1.1,UDP,204
Teams,2583,194.424917,172.30.1.250,172.30.1.1,UDP,196
Teams,2584,194.425125,172.30.1.250,172.30.1.1,UDP,196
Teams,2585,194.439764,172.30.1.250,172.30.1.1,UDP,180
Teams,2586,194.459119,172.30.1.250,172.30.1.1,UDP,184
Teams,2587,194.478255,172.30.1.250,172.30.1.1,UDP,200
Teams,2588,194.500985,172.30.1.250,172.30.1.1,UDP,124
Teams,2589,194.871904,172.30.1.250,172.30.1.1,UDP,192
Teams,2590,194.872585,172.30.1.250,172.30.1.1,UDP,192
Teams,2591,194.928875,172.30.1.250,172.30.1.1,UDP,192
Teams,2592,194.929092,172.30.1.250,172.30.1.1,UDP,192
Teams,2593,194.929204,172.30.1.250,172.30.1.1,UDP,132
Teams,2594,194.929412,172.30.1.250,172.30.1.1,UDP,1308
Teams,2595,194.929577,172.30.1.250,172.30.1.1,UDP,1308
Teams,2596,194.929689,172.30.1.250,172.30.1.1,UDP,1308
Teams,2597,194.929785,172.30.1.250,172.30.1.1,UDP,1308
Teams,2598,195.369917,172.30.1.250,172.30.1.1,UDP,180
Teams,2599,195.927272,172.30.1.250,172.30.1.1,UDP,192
Teams,2600,195.927891,172.30.1.250,172.30.1.1,UDP,192
Teams,2601,195.928059,172.30.1.250,172.30.1.1,UDP,236
Teams,2602,195.983383,172.30.1.250,172.30.1.1,UDP,192
Teams,2603,195.983559,172.30.1.250,172.30.1.1,UDP,192
Teams,2604,196.260691,172.30.1.250,172.30.1.1,UDP,180
Teams,2605,196.970704,172.30.1.250,172.30.1.1,UDP,192
Teams,2606,196.973375,172.30.1.250,172.30.1.1,UDP,192
Teams,2607,197.019947,172.30.1.250,172.30.1.1,UDP,192
Teams,2608,197.022198,172.30.1.250,172.30.1.1,UDP,168
Teams,2609,197.315670,172.30.1.250,172.30.1.1,UDP,184
Teams,2610,197.351901,172.30.1.250,172.30.1.1,UDP,208
Teams,2611,197.354902,172.30.1.250,172.30.1.1,UDP,200
Teams,2612,197.380145,172.30.1.250,172.30.1.1,UDP,200
Teams,2613,197.399332,172.30.1.250,172.30.1.1,UDP,192
Teams,2614,197.416833,172.30.1.250,172.30.1.1,UDP,180
Teams,2615,197.434675,172.30.1.250,172.30.1.1,UDP,208
Teams,2616,197.462625,172.30.1.250,172.30.1.1,UDP,204
Teams,2617,197.476854,172.30.1.250,172.30.1.1,UDP,204
Teams,2618,197.496443,172.30.1.250,172.30.1.1,UDP,204
Teams,2619,197.520000,172.30.1.250,172.30.1.1,UDP,200
Teams,2620,197.539406,172.30.1.250,172.30.1.1,UDP,204
Teams,2621,197.558682,172.30.1.250,172.30.1.1,UDP,208
Teams,2622,197.573350,172.30.1.250,172.30.1.1,UDP,208
Teams,2623,197.619999,172.30.1.250,172.30.1.1,UDP,200
Teams,2624,197.620279,172.30.1.250,172.30.1.1,UDP,192
Teams,2625,197.638751,172.30.1.250,172.30.1.1,UDP,212
Teams,2626,197.663600,172.30.1.250,172.30.1.1,UDP,204
Teams,2627,197.677821,172.30.1.250,172.30.1.1,UDP,204
Teams,2628,197.697709,172.30.1.250,172.30.1.1,UDP,200
Teams,2629,197.717103,172.30.1.250,172.30.1.1,UDP,208
Teams,2630,197.736603,172.30.1.250,172.30.1.1,UDP,200
Teams,2631,197.751785,172.30.1.250,172.30.1.1,UDP,204
Teams,2632,197.754934,172.30.1.250,172.30.1.1,UDP,168
Teams,2633,197.779636,172.30.1.250,172.30.1.1,UDP,204
Teams,2634,197.799364,172.30.1.250,172.30.1.1,UDP,204
Teams,2635,197.814053,172.30.1.250,172.30.1.1,UDP,168
Teams,2636,197.816529,172.30.1.250,172.30.1.1,UDP,204
Teams,2637,197.842641,172.30.1.250,172.30.1.1,UDP,208
Teams,2638,197.852141,172.30.1.250,172.30.1.1,UDP,188
Teams,2639,197.873622,172.30.1.250,172.30.1.1,UDP,196
Teams,2640,197.895671,172.30.1.250,172.30.1.1,UDP,188
Teams,2641,197.916166,172.30.1.250,172.30.1.1,UDP,196
Teams,2642,197.930439,172.30.1.250,172.30.1.1,UDP,168
Teams,2643,197.930653,172.30.1.250,172.30.1.1,UDP,132
Teams,2644,197.930745,172.30.1.250,172.30.1.1,UDP,1308
Teams,2645,197.930866,172.30.1.250,172.30.1.1,UDP,1308
Teams,2646,197.930967,172.30.1.250,172.30.1.1,UDP,1308
Teams,2647,197.931072,172.30.1.250,172.30.1.1,UDP,1308
Teams,2648,197.932155,172.30.1.250,172.30.1.1,UDP,208
Teams,2649,197.956061,172.30.1.250,172.30.1.1,UDP,220
Teams,2650,197.979164,172.30.1.250,172.30.1.1,UDP,192
Teams,2651,197.997435,172.30.1.250,172.30.1.1,UDP,196
Teams,2652,198.023631,172.30.1.250,172.30.1.1,UDP,204
Teams,2653,198.040432,172.30.1.250,172.30.1.1,UDP,192
Teams,2654,198.050751,172.30.1.250,172.30.1.1,UDP,200
Teams,2655,198.056729,172.30.1.250,172.30.1.1,UDP,196
Teams,2656,198.082132,172.30.1.250,172.30.1.1,UDP,196
Teams,2657,198.096334,172.30.1.250,172.30.1.1,UDP,200
Teams,2658,198.116272,172.30.1.250,172.30.1.1,UDP,132
Teams,2659,198.119782,172.30.1.250,172.30.1.1,UDP,180
Teams,2660,198.282277,172.30.1.250,172.30.1.1,UDP,236
Teams,2661,198.679678,172.30.1.250,172.30.1.1,UDP,188
Teams,2662,198.695095,172.30.1.250,172.30.1.1,UDP,200
Teams,2663,198.717019,172.30.1.250,172.30.1.1,UDP,172
Teams,2664,198.733229,172.30.1.250,172.30.1.1,UDP,184
Teams,2665,198.755977,172.30.1.250,172.30.1.1,UDP,196
Teams,2666,198.777938,172.30.1.250,172.30.1.1,UDP,184
Teams,2667,198.798399,172.30.1.250,172.30.1.1,UDP,188
Teams,2668,198.802802,172.30.1.250,172.30.1.1,UDP,192
Teams,2669,198.819658,172.30.1.250,172.30.1.1,UDP,196
Teams,2670,198.840170,172.30.1.250,172.30.1.1,UDP,208
Teams,2671,198.858724,172.30.1.250,172.30.1.1,UDP,204
Teams,2672,198.863481,172.30.1.250,172.30.1.1,UDP,192
Teams,2673,198.878938,172.30.1.250,172.30.1.1,UDP,204
Teams,2674,198.898233,172.30.1.250,172.30.1.1,UDP,200
Teams,2675,198.917652,172.30.1.250,172.30.1.1,UDP,192
Teams,2676,198.942540,172.30.1.250,172.30.1.1,UDP,200
Teams,2677,198.962502,172.30.1.250,172.30.1.1,UDP,196
Teams,2678,198.978413,172.30.1.250,172.30.1.1,UDP,192
Teams,2679,198.979928,172.30.1.250,172.30.1.1,UDP,200
Teams,2680,198.999594,172.30.1.250,172.30.1.1,UDP,188
Teams,2681,199.018323,172.30.1.250,172.30.1.1,UDP,180
Teams,2682,199.038675,172.30.1.250,172.30.1.1,UDP,188
Teams,2683,199.068671,172.30.1.250,172.30.1.1,UDP,192
Teams,2684,199.082892,172.30.1.250,172.30.1.1,UDP,196
Teams,2685,199.094497,172.30.1.250,172.30.1.1,UDP,192
Teams,2686,199.101712,172.30.1.250,172.30.1.1,UDP,192
Teams,2687,199.125995,172.30.1.250,172.30.1.1,UDP,196
Teams,2688,199.136533,172.30.1.250,172.30.1.1,UDP,192
Teams,2689,199.161611,172.30.1.250,172.30.1.1,UDP,196
Teams,2690,199.179878,172.30.1.250,172.30.1.1,UDP,176
Teams,2691,199.197771,172.30.1.250,172.30.1.1,UDP,180
Teams,2692,199.224674,172.30.1.250,172.30.1.1,UDP,124
Teams,2693,199.819074,172.30.1.250,172.30.1.1,UDP,192
Teams,2694,199.874947,172.30.1.250,172.30.1.1,UDP,192
Teams,2695,200.038330,172.30.1.250,172.30.1.1,UDP,192
Teams,2696,200.149008,172.30.1.250,172.30.1.1,UDP,192
Teams,2697,200.833634,172.30.1.250,172.30.1.1,UDP,180
Teams,2698,200.870017,172.30.1.250,172.30.1.1,UDP,192
Teams,2699,200.927315,172.30.1.250,172.30.1.1,UDP,192
Teams,2700,200.940133,172.30.1.250,172.30.1.1,UDP,132
Teams,2701,200.940479,172.30.1.250,172.30.1.1,UDP,1308
Teams,2702,200.940758,172.30.1.250,172.30.1.1,UDP,1308
Teams,2703,200.941016,172.30.1.250,172.30.1.1,UDP,1308
Teams,2704,201.098874,172.30.1.250,172.30.1.1,UDP,192
Teams,2705,201.214595,172.30.1.250,172.30.1.1,UDP,192
Teams,2706,201.766134,172.30.1.1,172.30.1.250,TLSv1.2,132
Teams,2707,201.767009,172.30.1.250,172.30.1.1,TCP,88
Teams,2708,201.818995,172.30.1.250,172.30.1.1,TLSv1.2,128
Teams,2709,201.821113,172.30.1.1,172.30.1.250,TCP,88
Teams,2710,201.883937,172.30.1.250,172.30.1.1,UDP,192
Teams,2711,201.941879,172.30.1.250,172.30.1.1,UDP,192
Teams,2712,201.942121,172.30.1.250,172.30.1.1,UDP,168
Teams,2713,202.108057,172.30.1.250,172.30.1.1,UDP,192
Teams,2714,202.140545,172.30.1.1,172.30.1.250,TLSv1.2,132
Teams,2715,202.140952,172.30.1.250,172.30.1.1,TCP,88
Teams,2716,202.174461,172.30.1.250,172.30.1.1,TLSv1.2,128
Teams,2717,202.175861,172.30.1.1,172.30.1.250,TCP,88
Teams,2718,202.249623,172.30.1.250,172.30.1.1,UDP,180
Teams,2719,202.260850,172.30.1.250,172.30.1.1,UDP,236
Teams,2720,202.279018,172.30.1.250,172.30.1.1,UDP,200
Teams,2721,202.298610,172.30.1.250,172.30.1.1,UDP,212
Teams,2722,202.315986,172.30.1.250,172.30.1.1,UDP,212
Teams,2723,202.335510,172.30.1.250,172.30.1.1,UDP,204
Teams,2724,202.361063,172.30.1.250,172.30.1.1,UDP,204
Teams,2725,202.379787,172.30.1.250,172.30.1.1,UDP,224
Teams,2726,202.424987,172.30.1.250,172.30.1.1,UDP,216
Teams,2727,202.426382,172.30.1.250,172.30.1.1,UDP,212
Teams,2728,202.439072,172.30.1.250,172.30.1.1,UDP,220
Teams,2729,202.462481,172.30.1.250,172.30.1.1,UDP,216
Teams,2730,202.472661,172.30.1.250,172.30.1.1,UDP,208
Teams,2731,202.481888,172.30.1.250,172.30.1.1,TLSv1.2,884
Teams,2732,202.482667,172.30.1.1,172.30.1.250,TCP,88
Teams,2733,202.491249,172.30.1.1,172.30.1.250,TLSv1.2,852
Teams,2734,202.491790,172.30.1.250,172.30.1.1,TCP,88
Teams,2735,202.492976,172.30.1.1,172.30.1.250,TLSv1.2,120
Teams,2736,202.493410,172.30.1.250,172.30.1.1,TCP,88
Teams,2737,202.499175,172.30.1.250,172.30.1.1,UDP,204
Teams,2738,202.530108,172.30.1.250,172.30.1.1,UDP,212
Teams,2739,202.539496,172.30.1.250,172.30.1.1,UDP,216
Teams,2740,202.556136,172.30.1.250,172.30.1.1,UDP,216
Teams,2741,202.581711,172.30.1.250,172.30.1.1,UDP,212
Teams,2742,202.601173,172.30.1.250,172.30.1.1,UDP,220
Teams,2743,202.620022,172.30.1.250,172.30.1.1,UDP,216
Teams,2744,202.639895,172.30.1.250,172.30.1.1,UDP,204
Teams,2745,202.658280,172.30.1.250,172.30.1.1,UDP,212
Teams,2746,202.677867,172.30.1.250,172.30.1.1,UDP,200
Teams,2747,202.692857,172.30.1.250,172.30.1.1,UDP,204
Teams,2748,202.721746,172.30.1.250,172.30.1.1,TLSv1.2,884
Teams,2749,202.727390,172.30.1.1,172.30.1.250,TCP,88
Teams,2750,202.733958,172.30.1.1,172.30.1.250,TLSv1.2,852
Teams,2751,202.734439,172.30.1.250,172.30.1.1,TCP,88
Teams,2752,202.735204,172.30.1.1,172.30.1.250,TLSv1.2,120
Teams,2753,202.735714,172.30.1.250,172.30.1.1,TCP,88
Teams,2754,202.741086,172.30.1.250,172.30.1.1,UDP,212
Teams,2755,202.744592,172.30.1.250,172.30.1.1,UDP,204
Teams,2756,202.758122,172.30.1.250,172.30.1.1,UDP,228
Teams,2757,202.802346,172.30.1.250,172.30.1.1,UDP,204
Teams,2758,202.806250,172.30.1.250,172.30.1.1,UDP,200
Teams,2759,202.816983,172.30.1.250,172.30.1.1,UDP,208
Teams,2760,202.837553,172.30.1.250,172.30.1.1,UDP,168
Teams,2761,202.852207,172.30.1.250,172.30.1.1,UDP,204
Teams,2762,202.856531,172.30.1.250,172.30.1.1,UDP,204
Teams,2763,202.879798,172.30.1.250,172.30.1.1,UDP,208
Teams,2764,202.892168,172.30.1.250,172.30.1.1,UDP,168
Teams,2765,202.909581,172.30.1.250,172.30.1.1,UDP,204
Teams,2766,202.921031,172.30.1.250,172.30.1.1,UDP,212
Teams,2767,202.939243,172.30.1.250,172.30.1.1,UDP,204
Teams,2768,202.959522,172.30.1.250,172.30.1.1,UDP,204
Teams,2769,202.978877,172.30.1.250,172.30.1.1,UDP,200
Teams,2770,202.997869,172.30.1.250,172.30.1.1,UDP,200
Teams,2771,203.010555,172.30.1.250,172.30.1.1,UDP,168
Teams,2772,203.010762,172.30.1.250,172.30.1.1,UDP,192
Teams,2773,203.017889,172.30.1.250,172.30.1.1,UDP,192
Teams,2774,203.062745,172.30.1.250,172.30.1.1,UDP,204
Teams,2775,203.066025,172.30.1.250,172.30.1.1,UDP,204
Teams,2776,203.076364,172.30.1.250,172.30.1.1,UDP,196
Teams,2777,203.116203,172.30.1.250,172.30.1.1,UDP,188
Teams,2778,203.116704,172.30.1.250,172.30.1.1,UDP,184
Teams,2779,203.136722,172.30.1.250,172.30.1.1,UDP,184
Teams,2780,203.169409,172.30.1.250,172.30.1.1,UDP,192
Teams,2781,203.180413,172.30.1.250,172.30.1.1,UDP,188
Teams,2782,203.199970,172.30.1.250,172.30.1.1,UDP,200
Teams,2783,203.214625,172.30.1.250,172.30.1.1,UDP,220
Teams,2784,203.236877,172.30.1.250,172.30.1.1,UDP,208
Teams,2785,203.251721,172.30.1.250,172.30.1.1,UDP,200
Teams,2786,203.274692,172.30.1.250,172.30.1.1,UDP,204
Teams,2787,203.298522,172.30.1.250,172.30.1.1,UDP,212
Teams,2788,203.316440,172.30.1.250,172.30.1.1,UDP,124
Teams,2789,203.895853,172.30.1.250,172.30.1.1,UDP,192
Teams,2790,203.956316,172.30.1.250,172.30.1.1,UDP,192
Teams,2791,203.956565,172.30.1.250,172.30.1.1,UDP,132
Teams,2792,203.956701,172.30.1.250,172.30.1.1,UDP,1308
Teams,2793,203.956962,172.30.1.250,172.30.1.1,UDP,1308
Teams,2794,203.957071,172.30.1.250,172.30.1.1,UDP,1308
Teams,2795,203.957186,172.30.1.250,172.30.1.1,UDP,1308
Teams,2796,204.068465,172.30.1.250,172.30.1.1,UDP,192
Teams,2797,204.068825,172.30.1.250,172.30.1.1,UDP,192
Teams,2798,204.789529,172.30.1.250,172.30.1.1,UDP,180
Teams,2799,204.883700,172.30.1.250,172.30.1.1,UDP,180
Teams,2800,204.948958,172.30.1.250,172.30.1.1,UDP,192
Teams,2801,205.007600,172.30.1.250,172.30.1.1,UDP,192
Teams,2802,205.116173,172.30.1.250,172.30.1.1,UDP,192
Teams,2803,205.116752,172.30.1.250,172.30.1.1,UDP,192
Teams,2804,205.120431,172.30.1.250,172.30.1.1,UDP,192
Teams,2805,205.155347,172.30.1.250,172.30.1.1,UDP,196
Teams,2806,205.155760,172.30.1.250,172.30.1.1,UDP,192
Teams,2807,205.179648,172.30.1.250,172.30.1.1,UDP,192
Teams,2808,205.199209,172.30.1.250,172.30.1.1,UDP,188
Teams,2809,205.218638,172.30.1.250,172.30.1.1,UDP,184
Teams,2810,205.235412,172.30.1.250,172.30.1.1,UDP,192
Teams,2811,205.251995,172.30.1.250,172.30.1.1,UDP,188
Teams,2812,205.296667,172.30.1.250,172.30.1.1,UDP,204
Teams,2813,205.296945,172.30.1.250,172.30.1.1,UDP,208
Teams,2814,205.318111,172.30.1.250,172.30.1.1,UDP,208
Teams,2815,205.359041,172.30.1.250,172.30.1.1,UDP,204
Teams,2816,205.362324,172.30.1.250,172.30.1.1,UDP,212
Teams,2817,205.374309,172.30.1.250,172.30.1.1,UDP,200
Teams,2818,205.399789,172.30.1.250,172.30.1.1,UDP,196
Teams,2819,205.419435,172.30.1.250,172.30.1.1,UDP,196
Teams,2820,205.438465,172.30.1.250,172.30.1.1,UDP,196
Teams,2821,205.468512,172.30.1.250,172.30.1.1,UDP,236
Teams,2822,205.479171,172.30.1.250,172.30.1.1,UDP,212
Teams,2823,205.498868,172.30.1.250,172.30.1.1,UDP,216
Teams,2824,205.518076,172.30.1.250,172.30.1.1,UDP,208
Teams,2825,205.534952,172.30.1.250,172.30.1.1,UDP,204
Teams,2826,205.559495,172.30.1.250,172.30.1.1,UDP,200
Teams,2827,205.578508,172.30.1.250,172.30.1.1,UDP,192
Teams,2828,205.617891,172.30.1.250,172.30.1.1,UDP,192
Teams,2829,205.624024,172.30.1.250,172.30.1.1,UDP,196
Teams,2830,205.637754,172.30.1.250,172.30.1.1,UDP,200
Teams,2831,205.670819,172.30.1.250,172.30.1.1,UDP,200
Teams,2832,205.676355,172.30.1.250,172.30.1.1,UDP,204
Teams,2833,205.699106,172.30.1.250,172.30.1.1,UDP,184
Teams,2834,205.718353,172.30.1.250,172.30.1.1,UDP,184
Teams,2835,205.736310,172.30.1.250,172.30.1.1,UDP,192
Teams,2836,205.752824,172.30.1.250,172.30.1.1,UDP,188
Teams,2837,205.777846,172.30.1.250,172.30.1.1,UDP,204
Teams,2838,205.792518,172.30.1.250,172.30.1.1,UDP,208
Teams,2839,205.816315,172.30.1.250,172.30.1.1,UDP,196
Teams,2840,205.836282,172.30.1.250,172.30.1.1,UDP,192
Teams,2841,205.860642,172.30.1.250,172.30.1.1,UDP,196
Teams,2842,205.880051,172.30.1.250,172.30.1.1,UDP,200
Teams,2843,205.898549,172.30.1.250,172.30.1.1,UDP,192
Teams,2844,205.917810,172.30.1.250,172.30.1.1,UDP,188
Teams,2845,205.942813,172.30.1.250,172.30.1.1,UDP,184
Teams,2846,205.961651,172.30.1.250,172.30.1.1,UDP,172
Teams,2847,206.000763,172.30.1.250,172.30.1.1,UDP,188
Teams,2848,206.001013,172.30.1.250,172.30.1.1,UDP,208
Teams,2849,206.010044,172.30.1.250,172.30.1.1,UDP,192
Teams,2850,206.023127,172.30.1.250,172.30.1.1,UDP,204
Teams,2851,206.052863,172.30.1.250,172.30.1.1,UDP,200
Teams,2852,206.056188,172.30.1.250,172.30.1.1,UDP,124
Teams,2853,206.065977,172.30.1.250,172.30.1.1,UDP,192
Teams,2854,206.180541,172.30.1.250,172.30.1.1,UDP,192
Teams,2855,206.180950,172.30.1.250,172.30.1.1,UDP,192
Teams,2856,206.684732,172.30.1.250,172.30.1.1,STUN,296
Teams,2857,206.750151,172.30.1.250,172.30.1.1,UDP,204
Teams,2858,206.758660,172.30.1.250,172.30.1.1,UDP,212
Teams,2859,206.779286,172.30.1.250,172.30.1.1,UDP,204
Teams,2860,206.803286,172.30.1.250,172.30.1.1,UDP,196
Teams,2861,206.817841,172.30.1.250,172.30.1.1,UDP,204
Teams,2862,206.837134,172.30.1.250,172.30.1.1,UDP,196
Teams,2863,206.856606,172.30.1.250,172.30.1.1,STUN,296
Teams,2864,206.860332,172.30.1.250,172.30.1.1,UDP,200
Teams,2865,206.890474,172.30.1.250,172.30.1.1,UDP,236
Teams,2866,206.902455,172.30.1.250,172.30.1.1,UDP,212
Teams,2867,206.902824,172.30.1.250,172.30.1.1,STUN,260
Teams,2868,206.906004,172.30.1.250,172.30.1.1,STUN,260
Teams,2869,206.907695,172.30.1.250,172.30.1.1,UDP,208
Teams,2870,206.908409,172.30.1.250,172.30.1.1,STUN,260
Teams,2871,206.917619,172.30.1.250,172.30.1.1,STUN,296
Teams,2872,206.920613,172.30.1.250,172.30.1.1,UDP,200
Teams,2873,206.959041,172.30.1.250,172.30.1.1,UDP,204
Teams,2874,206.959366,172.30.1.250,172.30.1.1,UDP,132
Teams,2875,206.959624,172.30.1.250,172.30.1.1,UDP,1308
Teams,2876,206.959891,172.30.1.250,172.30.1.1,UDP,1308
Teams,2877,206.960151,172.30.1.250,172.30.1.1,UDP,1308
Teams,2878,206.960502,172.30.1.250,172.30.1.1,UDP,1308
Teams,2879,206.960996,172.30.1.250,172.30.1.1,UDP,196
Teams,2880,206.961380,172.30.1.250,172.30.1.1,STUN,260
Teams,2881,206.972244,172.30.1.250,172.30.1.1,STUN,296
Teams,2882,206.980088,172.30.1.250,172.30.1.1,UDP,208
Teams,2883,207.010285,172.30.1.250,172.30.1.1,UDP,208
Teams,2884,207.017782,172.30.1.250,172.30.1.1,UDP,212
Teams,2885,207.032555,172.30.1.250,172.30.1.1,UDP,192
Teams,2886,207.032880,172.30.1.250,172.30.1.1,UDP,168
Teams,2887,207.036100,172.30.1.250,172.30.1.1,UDP,208
Teams,2888,207.069845,172.30.1.250,172.30.1.1,UDP,212
Teams,2889,207.078127,172.30.1.250,172.30.1.1,UDP,204
Teams,2890,207.084773,172.30.1.250,172.30.1.1,UDP,192
Teams,2891,207.085109,172.30.1.250,172.30.1.1,UDP,180
Teams,2892,207.091392,172.30.1.250,172.30.1.1,STUN,260
Teams,2893,207.097824,172.30.1.250,172.30.1.1,UDP,208
Teams,2894,207.123435,172.30.1.250,172.30.1.1,UDP,208
Teams,2895,207.132790,172.30.1.250,172.30.1.1,UDP,196
Teams,2896,207.159931,172.30.1.250,172.30.1.1,UDP,208
Teams,2897,207.179774,172.30.1.250,172.30.1.1,UDP,196
Teams,2898,207.196545,172.30.1.250,172.30.1.1,UDP,192
Teams,2899,207.215928,172.30.1.250,172.30.1.1,UDP,200
Teams,2900,207.217135,172.30.1.250,172.30.1.1,UDP,200
Teams,2901,207.232636,172.30.1.250,172.30.1.1,UDP,208
Teams,2902,207.274704,172.30.1.250,172.30.1.1,UDP,212
Teams,2903,207.274995,172.30.1.250,172.30.1.1,UDP,200
Teams,2904,207.296562,172.30.1.250,172.30.1.1,UDP,212
Teams,2905,207.331265,172.30.1.250,172.30.1.1,UDP,124
Teams,2906,207.936476,172.30.1.250,172.30.1.1,UDP,168
Teams,2907,207.938213,172.30.1.250,172.30.1.1,UDP,168
Teams,2908,208.050051,172.30.1.250,172.30.1.1,UDP,192
Teams,2909,208.160267,172.30.1.250,172.30.1.1,UDP,168
Teams,2910,208.995346,172.30.1.250,172.30.1.1,UDP,192
Teams,2911,208.996644,172.30.1.250,172.30.1.1,UDP,192
Teams,2912,209.099313,172.30.1.250,172.30.1.1,UDP,192
Teams,2913,209.212540,172.30.1.250,172.30.1.1,UDP,192
Teams,2914,209.623345,172.30.1.250,172.30.1.1,UDP,180
Teams,2915,209.957535,172.30.1.250,172.30.1.1,UDP,132
Teams,2916,209.958089,172.30.1.250,172.30.1.1,UDP,1308
Teams,2917,209.958250,172.30.1.250,172.30.1.1,UDP,1308
Teams,2918,209.958370,172.30.1.250,172.30.1.1,UDP,1308
Teams,2919,209.958497,172.30.1.250,172.30.1.1,UDP,1308
Teams,2920,210.059880,172.30.1.250,172.30.1.1,UDP,192
Teams,2921,210.060271,172.30.1.250,172.30.1.1,UDP,192
Teams,2922,210.115978,172.30.1.250,172.30.1.1,UDP,192
Teams,2923,210.229173,172.30.1.250,172.30.1.1,UDP,192
Teams,2924,210.800307,172.30.1.250,172.30.1.1,UDP,180
Teams,2925,210.936661,172.30.1.250,172.30.1.1,UDP,236
Teams,2926,211.083325,172.30.1.250,172.30.1.1,UDP,192
Teams,2927,211.084395,172.30.1.250,172.30.1.1,UDP,192
Teams,2928,211.144064,172.30.1.250,172.30.1.1,UDP,192
Teams,2929,211.255313,172.30.1.250,172.30.1.1,UDP,192
Teams,2930,211.858905,172.30.1.250,172.30.1.1,UDP,180
Teams,2931,212.082096,172.30.1.250,172.30.1.1,UDP,168
Teams,2932,212.095681,172.30.1.1,172.30.1.250,TLSv1.2,348
Teams,2933,212.095881,172.30.1.250,172.30.1.1,TCP,88
Teams,2934,212.139053,172.30.1.250,172.30.1.1,UDP,192
Teams,2935,212.139255,172.30.1.250,172.30.1.1,UDP,192
Teams,2936,212.302214,172.30.1.250,172.30.1.1,UDP,192
Teams,2937,212.339781,172.30.1.250,172.30.1.1,TLSv1.2,212
Teams,2938,212.343940,172.30.1.1,172.30.1.250,TCP,88
Teams,2939,212.958526,172.30.1.250,172.30.1.1,UDP,132
Teams,2940,212.958823,172.30.1.250,172.30.1.1,UDP,1308
Teams,2941,212.958937,172.30.1.250,172.30.1.1,UDP,1308
Teams,2942,212.959166,172.30.1.250,172.30.1.1,UDP,1308
Teams,2943,212.959281,172.30.1.250,172.30.1.1,UDP,1308
Teams,2944,213.023855,172.30.1.250,172.30.1.1,UDP,168
Teams,2945,213.077501,172.30.1.250,172.30.1.1,UDP,168
Teams,2946,213.134039,172.30.1.250,172.30.1.1,UDP,168
Teams,2947,213.134644,172.30.1.250,172.30.1.1,UDP,192
Teams,2948,213.230623,172.30.1.250,172.30.1.1,UDP,180
Teams,2949,214.075769,172.30.1.250,172.30.1.1,UDP,192
Teams,2950,214.134668,172.30.1.250,172.30.1.1,UDP,192
Teams,2951,214.190440,172.30.1.250,172.30.1.1,UDP,192
Teams,2952,214.190867,172.30.1.250,172.30.1.1,UDP,192
Teams,2953,215.130257,172.30.1.250,172.30.1.1,UDP,192
Teams,2954,215.178025,172.30.1.250,172.30.1.1,UDP,192
Teams,2955,215.235903,172.30.1.250,172.30.1.1,UDP,192
Teams,2956,215.236211,172.30.1.250,172.30.1.1,UDP,192
Teams,2957,215.964242,172.30.1.250,172.30.1.1,UDP,132
Teams,2958,215.965226,172.30.1.250,172.30.1.1,UDP,1308
Teams,2959,215.965775,172.30.1.250,172.30.1.1,UDP,1308
Teams,2960,215.966203,172.30.1.250,172.30.1.1,UDP,1308
Teams,2961,215.966461,172.30.1.250,172.30.1.1,UDP,1308
Teams,2962,216.195169,172.30.1.250,172.30.1.1,UDP,192
Teams,2963,216.196228,172.30.1.250,172.30.1.1,UDP,192
Teams,2964,216.251686,172.30.1.250,172.30.1.1,UDP,192
Teams,2965,216.251997,172.30.1.250,172.30.1.1,UDP,192
Teams,2966,216.263614,172.30.1.250,172.30.1.1,UDP,180
Teams,2967,216.264087,172.30.1.250,172.30.1.1,UDP,236
Teams,2968,216.532924,172.30.1.250,172.30.1.1,UDP,180
Teams,2969,217.156313,172.30.1.250,172.30.1.1,UDP,168
Teams,2970,217.213661,172.30.1.250,172.30.1.1,UDP,192
Teams,2971,217.214292,172.30.1.250,172.30.1.1,UDP,192
Teams,2972,217.269206,172.30.1.250,172.30.1.1,UDP,192
Teams,2973,218.098142,172.30.1.250,172.30.1.1,UDP,168
Teams,2974,218.099031,172.30.1.250,172.30.1.1,UDP,168
Teams,2975,218.202304,172.30.1.250,172.30.1.1,UDP,168
Teams,2976,218.202750,172.30.1.250,172.30.1.1,UDP,192
Teams,2977,218.281698,172.30.1.250,172.30.1.1,UDP,188
Teams,2978,218.291232,172.30.1.250,172.30.1.1,UDP,204
Teams,2979,218.318997,172.30.1.250,172.30.1.1,UDP,200
Teams,2980,218.336220,172.30.1.250,172.30.1.1,UDP,204
Teams,2981,218.357342,172.30.1.250,172.30.1.1,UDP,204
Teams,2982,218.373206,172.30.1.250,172.30.1.1,UDP,196
Teams,2983,218.393962,172.30.1.250,172.30.1.1,UDP,196
Teams,2984,218.417429,172.30.1.250,172.30.1.1,UDP,196
Teams,2985,218.442345,172.30.1.250,172.30.1.1,UDP,212
Teams,2986,218.461187,172.30.1.250,172.30.1.1,UDP,204
Teams,2987,218.480842,172.30.1.250,172.30.1.1,UDP,212
Teams,2988,218.498787,172.30.1.250,172.30.1.1,UDP,208
Teams,2989,218.525107,172.30.1.250,172.30.1.1,UDP,204
Teams,2990,218.539481,172.30.1.250,172.30.1.1,UDP,192
Teams,2991,218.556818,172.30.1.250,172.30.1.1,UDP,196
Teams,2992,218.573331,172.30.1.250,172.30.1.1,UDP,196
Teams,2993,218.597920,172.30.1.250,172.30.1.1,UDP,216
Teams,2994,218.611877,172.30.1.250,172.30.1.1,UDP,208
Teams,2995,218.638336,172.30.1.250,172.30.1.1,UDP,212
Teams,2996,218.656363,172.30.1.250,172.30.1.1,UDP,204
Teams,2997,218.671850,172.30.1.250,172.30.1.1,UDP,204
Teams,2998,218.688193,172.30.1.250,172.30.1.1,UDP,180
Teams,2999,218.698820,172.30.1.250,172.30.1.1,UDP,208
Teams,3000,218.721025,172.30.1.250,172.30.1.1,UDP,204
Teams,3001,218.736100,172.30.1.250,172.30.1.1,UDP,196
Teams,3002,218.762902,172.30.1.250,172.30.1.1,UDP,196
Teams,3003,218.780522,172.30.1.250,172.30.1.1,UDP,196
Teams,3004,218.799108,172.30.1.250,172.30.1.1,UDP,188
Teams,3005,218.818609,172.30.1.250,172.30.1.1,UDP,196
Teams,3006,218.836558,172.30.1.250,172.30.1.1,UDP,196
Teams,3007,218.862164,172.30.1.250,172.30.1.1,UDP,200
Teams,3008,218.875215,172.30.1.250,172.30.1.1,UDP,204
Teams,3009,218.897413,172.30.1.250,172.30.1.1,UDP,204
Teams,3010,218.922934,172.30.1.250,172.30.1.1,UDP,212
Teams,3011,218.935969,172.30.1.250,172.30.1.1,UDP,204
Teams,3012,218.967294,172.30.1.250,172.30.1.1,UDP,204
Teams,3013,218.975112,172.30.1.250,172.30.1.1,UDP,132
Teams,3014,218.975435,172.30.1.250,172.30.1.1,UDP,1308
Teams,3015,218.975714,172.30.1.250,172.30.1.1,UDP,1308
Teams,3016,218.975971,172.30.1.250,172.30.1.1,UDP,1308
Teams,3017,218.976242,172.30.1.250,172.30.1.1,UDP,1308
Teams,3018,218.976590,172.30.1.250,172.30.1.1,UDP,204
Teams,3019,218.999111,172.30.1.250,172.30.1.1,UDP,200
Teams,3020,219.016241,172.30.1.250,172.30.1.1,UDP,192
Teams,3021,219.068313,172.30.1.250,172.30.1.1,UDP,192
Teams,3022,219.069400,172.30.1.250,172.30.1.1,UDP,204
Teams,3023,219.083280,172.30.1.250,172.30.1.1,UDP,212
Teams,3024,219.115146,172.30.1.250,172.30.1.1,UDP,204
Teams,3025,219.118600,172.30.1.250,172.30.1.1,UDP,192
Teams,3026,219.118900,172.30.1.250,172.30.1.1,UDP,192
Teams,3027,219.119703,172.30.1.250,172.30.1.1,UDP,192
Teams,3028,219.138649,172.30.1.250,172.30.1.1,UDP,212
Teams,3029,219.159282,172.30.1.250,172.30.1.1,UDP,196
Teams,3030,219.178202,172.30.1.250,172.30.1.1,UDP,188
Teams,3031,219.202184,172.30.1.250,172.30.1.1,UDP,196
Teams,3032,219.223341,172.30.1.250,172.30.1.1,UDP,124
Teams,3033,219.231602,172.30.1.250,172.30.1.1,UDP,192
Teams,3034,219.231770,172.30.1.250,172.30.1.1,UDP,192
Teams,3035,219.318671,172.30.1.250,172.30.1.1,UDP,236
Teams,3036,219.707437,172.30.1.250,172.30.1.1,UDP,180
Teams,3037,220.175219,172.30.1.250,172.30.1.1,UDP,192
Teams,3038,220.175832,172.30.1.250,172.30.1.1,UDP,192
Teams,3039,220.287699,172.30.1.250,172.30.1.1,UDP,192
Teams,3040,220.288344,172.30.1.250,172.30.1.1,UDP,192
Teams,3041,220.665698,172.30.1.250,172.30.1.1,UDP,188
Teams,3042,220.670503,172.30.1.250,172.30.1.1,UDP,204
Teams,3043,220.677958,172.30.1.250,172.30.1.1,UDP,196
Teams,3044,220.723307,172.30.1.250,172.30.1.1,UDP,196
Teams,3045,220.723488,172.30.1.250,172.30.1.1,UDP,200
Teams,3046,220.740853,172.30.1.250,172.30.1.1,UDP,196
Teams,3047,220.770541,172.30.1.250,172.30.1.1,UDP,204
Teams,3048,220.774147,172.30.1.250,172.30.1.1,UDP,196
Teams,3049,220.798854,172.30.1.250,172.30.1.1,UDP,196
Teams,3050,220.829548,172.30.1.250,172.30.1.1,UDP,212
Teams,3051,220.837513,172.30.1.250,172.30.1.1,UDP,200
Teams,3052,220.862776,172.30.1.250,172.30.1.1,UDP,196
Teams,3053,220.882211,172.30.1.250,172.30.1.1,UDP,200
Teams,3054,220.897351,172.30.1.250,172.30.1.1,UDP,204
Teams,3055,220.917826,172.30.1.250,172.30.1.1,UDP,192
Teams,3056,220.943090,172.30.1.250,172.30.1.1,UDP,192
Teams,3057,220.983906,172.30.1.250,172.30.1.1,UDP,216
Teams,3058,220.984326,172.30.1.250,172.30.1.1,UDP,208
Teams,3059,221.004335,172.30.1.250,172.30.1.1,UDP,188
Teams,3060,221.040059,172.30.1.250,172.30.1.1,UDP,204
Teams,3061,221.047326,172.30.1.250,172.30.1.1,UDP,204
Teams,3062,221.060711,172.30.1.250,172.30.1.1,UDP,212
Teams,3063,221.080599,172.30.1.250,172.30.1.1,UDP,200
Teams,3064,221.099686,172.30.1.250,172.30.1.1,UDP,204
Teams,3065,221.119010,172.30.1.250,172.30.1.1,UDP,208
Teams,3066,221.149474,172.30.1.250,172.30.1.1,UDP,208
Teams,3067,221.157668,172.30.1.250,172.30.1.1,UDP,200
Teams,3068,221.181955,172.30.1.250,172.30.1.1,UDP,124
Teams,3069,221.198132,172.30.1.250,172.30.1.1,UDP,192
Teams,3070,221.198424,172.30.1.250,172.30.1.1,UDP,192
Teams,3071,221.307876,172.30.1.250,172.30.1.1,UDP,192
Teams,3072,221.308340,172.30.1.250,172.30.1.1,UDP,192
Teams,3073,221.614365,172.30.1.1,172.30.1.250,TLSv1.2,144
Teams,3074,221.614935,172.30.1.250,172.30.1.1,TCP,88
Teams,3075,221.716260,172.30.1.250,172.30.1.1,TLSv1.2,132
Teams,3076,221.759337,172.30.1.1,172.30.1.250,TCP,88
Teams,3077,221.827103,172.30.1.1,172.30.1.250,TLSv1.2,132
Teams,3078,221.827386,172.30.1.250,172.30.1.1,TCP,88
Teams,3079,221.868989,172.30.1.250,172.30.1.1,TLSv1.2,128
Teams,3080,221.869455,172.30.1.1,172.30.1.250,TCP,88
Teams,3081,221.899355,172.30.1.250,172.30.1.1,UDP,180
Teams,3082,221.975376,172.30.1.250,172.30.1.1,UDP,132
Teams,3083,221.976125,172.30.1.250,172.30.1.1,UDP,1308
Teams,3084,221.976305,172.30.1.250,172.30.1.1,UDP,1308
Teams,3085,221.976442,172.30.1.250,172.30.1.1,UDP,1308
Teams,3086,222.182214,172.30.1.1,172.30.1.250,TLSv1.2,132
Teams,3087,222.182820,172.30.1.250,172.30.1.1,TCP,88
Teams,3088,222.223481,172.30.1.250,172.30.1.1,TLSv1.2,128
Teams,3089,222.224613,172.30.1.1,172.30.1.250,TCP,88
Teams,3090,222.240718,172.30.1.250,172.30.1.1,UDP,192
Teams,3091,222.240911,172.30.1.250,172.30.1.1,UDP,192
Teams,3092,222.241020,172.30.1.250,172.30.1.1,UDP,168
Teams,3093,222.338416,172.30.1.250,172.30.1.1,UDP,180
Teams,3094,222.350322,172.30.1.250,172.30.1.1,UDP,192
Teams,3095,222.350528,172.30.1.250,172.30.1.1,UDP,236
Teams,3096,222.687441,172.30.1.250,172.30.1.1,TLSv1.2,884
Teams,3097,222.688493,172.30.1.1,172.30.1.250,TCP,88
Teams,3098,222.699102,172.30.1.1,172.30.1.250,TLSv1.2,852
Teams,3099,222.699683,172.30.1.250,172.30.1.1,TCP,88
Teams,3100,222.700199,172.30.1.1,172.30.1.250,TLSv1.2,120
Teams,3101,222.700367,172.30.1.250,172.30.1.1,TCP,88
Teams,3102,222.842328,172.30.1.250,172.30.1.1,TLSv1.2,884
Teams,3103,222.843876,172.30.1.1,172.30.1.250,TCP,88
Teams,3104,222.846931,172.30.1.1,172.30.1.250,TLSv1.2,852
Teams,3105,222.847337,172.30.1.250,172.30.1.1,TCP,88
Teams,3106,222.847576,172.30.1.1,172.30.1.250,TLSv1.2,120
Teams,3107,222.847642,172.30.1.250,172.30.1.1,TCP,88
Teams,3108,223.102518,172.30.1.250,172.30.1.1,UDP,168
Teams,3109,223.158997,172.30.1.250,172.30.1.1,UDP,168
Teams,3110,223.193183,172.30.1.250,172.30.1.1,UDP,180
Teams,3111,223.271647,172.30.1.250,172.30.1.1,UDP,168
Teams,3112,223.272037,172.30.1.250,172.30.1.1,UDP,192
Teams,3113,224.157799,172.30.1.250,172.30.1.1,UDP,192
Teams,3114,224.215340,172.30.1.250,172.30.1.1,UDP,192
Teams,3115,224.326448,172.30.1.250,172.30.1.1,UDP,192
Teams,3116,224.326789,172.30.1.250,172.30.1.1,UDP,192
Teams,3117,224.986062,172.30.1.250,172.30.1.1,UDP,132
Teams,3118,224.987114,172.30.1.250,172.30.1.1,UDP,1308
Teams,3119,224.987429,172.30.1.250,172.30.1.1,UDP,1308
Teams,3120,224.988040,172.30.1.250,172.30.1.1,UDP,1308
Teams,3121,224.988307,172.30.1.250,172.30.1.1,UDP,1308
Teams,3122,225.222746,172.30.1.250,172.30.1.1,UDP,192
Teams,3123,225.279314,172.30.1.250,172.30.1.1,UDP,192
Teams,3124,225.376963,172.30.1.250,172.30.1.1,UDP,236
Teams,3125,225.390824,172.30.1.250,172.30.1.1,UDP,192
Teams,3126,225.391128,172.30.1.250,172.30.1.1,UDP,192
Teams,3127,225.721076,172.30.1.250,172.30.1.1,UDP,180
Teams,3128,226.271745,172.30.1.250,172.30.1.1,UDP,192
Teams,3129,226.314969,172.30.1.250,172.30.1.1,UDP,180
Teams,3130,226.326591,172.30.1.250,172.30.1.1,UDP,192
Teams,3131,226.434991,172.30.1.250,172.30.1.1,UDP,192
Teams,3132,226.435263,172.30.1.250,172.30.1.1,UDP,192
Teams,3133,227.069064,172.30.1.250,172.30.1.1,STUN,296
Teams,3134,227.070157,172.30.1.250,172.30.1.1,STUN,296
Teams,3135,227.183018,172.30.1.250,172.30.1.1,STUN,296
Teams,3136,227.262479,172.30.1.250,172.30.1.1,STUN,260
Teams,3137,227.269152,172.30.1.250,172.30.1.1,STUN,260
Teams,3138,227.269455,172.30.1.250,172.30.1.1,STUN,260
Teams,3139,227.296567,172.30.1.250,172.30.1.1,UDP,192
Teams,3140,227.298452,172.30.1.250,172.30.1.1,STUN,296
Teams,3141,227.299940,172.30.1.250,172.30.1.1,UDP,168
Teams,3142,227.338372,172.30.1.250,172.30.1.1,STUN,260
Teams,3143,227.346225,172.30.1.250,172.30.1.1,UDP,192
Teams,3144,227.462231,172.30.1.250,172.30.1.1,UDP,192
Teams,3145,227.992179,172.30.1.250,172.30.1.1,UDP,132
Teams,3146,227.992761,172.30.1.250,172.30.1.1,UDP,1308
Teams,3147,227.992929,172.30.1.250,172.30.1.1,UDP,1308
Teams,3148,227.993056,172.30.1.250,172.30.1.1,UDP,1308
Teams,3149,227.993158,172.30.1.250,172.30.1.1,UDP,1308
Teams,3150,228.189465,172.30.1.250,172.30.1.1,UDP,168
Teams,3151,228.245641,172.30.1.250,172.30.1.1,UDP,168
Teams,3152,228.363844,172.30.1.250,172.30.1.1,UDP,168
Teams,3153,228.365526,172.30.1.250,172.30.1.1,UDP,192
Teams,3154,228.367108,172.30.1.250,172.30.1.1,UDP,236
Teams,3155,228.508060,172.30.1.250,172.30.1.1,UDP,188
Teams,3156,228.518301,172.30.1.250,172.30.1.1,UDP,196
Teams,3157,228.536970,172.30.1.250,172.30.1.1,UDP,200
Teams,3158,228.538399,172.30.1.250,172.30.1.1,UDP,180
Teams,3159,228.562185,172.30.1.250,172.30.1.1,UDP,196
Teams,3160,228.581227,172.30.1.250,172.30.1.1,UDP,184
Teams,3161,228.598549,172.30.1.250,172.30.1.1,UDP,180
Teams,3162,228.618406,172.30.1.250,172.30.1.1,UDP,164
Teams,3163,228.666514,172.30.1.250,172.30.1.1,UDP,180
Teams,3164,228.667121,172.30.1.250,172.30.1.1,UDP,188
Teams,3165,228.680288,172.30.1.250,172.30.1.1,UDP,200
Teams,3166,228.713889,172.30.1.250,172.30.1.1,UDP,208
Teams,3167,228.721456,172.30.1.250,172.30.1.1,UDP,212
Teams,3168,228.740571,172.30.1.250,172.30.1.1,UDP,200
Teams,3169,228.760321,172.30.1.250,172.30.1.1,UDP,200
Teams,3170,228.778979,172.30.1.250,172.30.1.1,UDP,196
Teams,3171,228.794957,172.30.1.250,172.30.1.1,UDP,204
Teams,3172,228.831770,172.30.1.250,172.30.1.1,UDP,212
Teams,3173,228.839007,172.30.1.250,172.30.1.1,UDP,196
Teams,3174,228.840637,172.30.1.250,172.30.1.1,UDP,180
Teams,3175,228.855754,172.30.1.250,172.30.1.1,UDP,196
Teams,3176,228.882787,172.30.1.250,172.30.1.1,UDP,208
Teams,3177,228.902303,172.30.1.250,172.30.1.1,UDP,200
Teams,3178,228.922105,172.30.1.250,172.30.1.1,UDP,200
Teams,3179,228.939973,172.30.1.250,172.30.1.1,UDP,204
Teams,3180,228.981697,172.30.1.250,172.30.1.1,UDP,200
Teams,3181,228.988286,172.30.1.250,172.30.1.1,UDP,204
Teams,3182,229.000795,172.30.1.250,172.30.1.1,UDP,188
Teams,3183,229.041406,172.30.1.250,172.30.1.1,UDP,124
Teams,3184,229.211313,172.30.1.250,172.30.1.1,UDP,192
Teams,3185,229.269590,172.30.1.250,172.30.1.1,UDP,192
Teams,3186,229.380760,172.30.1.250,172.30.1.1,UDP,192
Teams,3187,229.381576,172.30.1.250,172.30.1.1,UDP,192
Teams,3188,229.426501,172.30.1.250,172.30.1.1,UDP,180
Teams,3189,230.232044,172.30.1.250,172.30.1.1,UDP,192
Teams,3190,230.288067,172.30.1.250,172.30.1.1,UDP,192
Teams,3191,230.399284,172.30.1.250,172.30.1.1,UDP,192
Teams,3192,230.399834,172.30.1.250,172.30.1.1,UDP,192
Teams,3193,230.747213,172.30.1.250,172.30.1.1,UDP,180
Teams,3194,231.009232,172.30.1.250,172.30.1.1,UDP,132
Teams,3195,231.009556,172.30.1.250,172.30.1.1,UDP,1308
Teams,3196,231.009678,172.30.1.250,172.30.1.1,UDP,1308
Teams,3197,231.009787,172.30.1.250,172.30.1.1,UDP,1308
Teams,3198,231.009893,172.30.1.250,172.30.1.1,UDP,1308
Teams,3199,231.101187,172.30.1.250,172.30.1.1,UDP,236
Teams,3200,231.245732,172.30.1.250,172.30.1.1,UDP,192
Teams,3201,231.301736,172.30.1.250,172.30.1.1,UDP,192
Teams,3202,231.313009,172.30.1.250,172.30.1.1,UDP,180
Teams,3203,231.403423,172.30.1.250,172.30.1.1,UDP,188
Teams,3204,231.417528,172.30.1.250,172.30.1.1,UDP,192
Teams,3205,231.417896,172.30.1.250,172.30.1.1,UDP,192
Teams,3206,231.420555,172.30.1.250,172.30.1.1,UDP,204
Teams,3207,231.440332,172.30.1.250,172.30.1.1,UDP,192
Teams,3208,231.458476,172.30.1.250,172.30.1.1,UDP,192
Teams,3209,231.477378,172.30.1.250,172.30.1.1,UDP,192
Teams,3210,231.485446,172.30.1.250,172.30.1.1,UDP,236
Teams,3211,231.495980,172.30.1.250,172.30.1.1,UDP,184
Teams,3212,231.542942,172.30.1.250,172.30.1.1,UDP,188
Teams,3213,231.545432,172.30.1.250,172.30.1.1,UDP,180
Teams,3214,231.549411,172.30.1.250,172.30.1.1,UDP,196
Teams,3215,231.557252,172.30.1.250,172.30.1.1,UDP,204
Teams,3216,231.576134,172.30.1.250,172.30.1.1,UDP,204
Teams,3217,231.595949,172.30.1.250,172.30.1.1,UDP,196
Teams,3218,231.621153,172.30.1.250,172.30.1.1,UDP,212
Teams,3219,231.662722,172.30.1.250,172.30.1.1,UDP,200
Teams,3220,231.663259,172.30.1.250,172.30.1.1,UDP,196
Teams,3221,231.671550,172.30.1.250,172.30.1.1,UDP,188
Teams,3222,231.698096,172.30.1.250,172.30.1.1,UDP,200
Teams,3223,231.719253,172.30.1.250,172.30.1.1,UDP,212
Teams,3224,231.739611,172.30.1.250,172.30.1.1,UDP,192
Teams,3225,231.759221,172.30.1.250,172.30.1.1,UDP,188
Teams,3226,231.778822,172.30.1.250,172.30.1.1,UDP,188
Teams,3227,231.797660,172.30.1.250,172.30.1.1,UDP,188
Teams,3228,231.815298,172.30.1.250,172.30.1.1,UDP,200
Teams,3229,231.858486,172.30.1.250,172.30.1.1,UDP,204
Teams,3230,231.860606,172.30.1.250,172.30.1.1,UDP,208
Teams,3231,231.880500,172.30.1.250,172.30.1.1,UDP,208
Teams,3232,231.899168,172.30.1.250,172.30.1.1,UDP,200
Teams,3233,231.919169,172.30.1.250,172.30.1.1,UDP,124
Teams,3234,232.271573,172.30.1.250,172.30.1.1,UDP,192
Teams,3235,232.333916,172.30.1.250,172.30.1.1,UDP,192
Teams,3236,232.334326,172.30.1.250,172.30.1.1,UDP,168
Teams,3237,232.437924,172.30.1.250,172.30.1.1,UDP,192
Teams,3238,233.287821,172.30.1.250,172.30.1.1,UDP,168
Teams,3239,233.343432,172.30.1.250,172.30.1.1,UDP,168
Teams,3240,233.343950,172.30.1.250,172.30.1.1,UDP,192
Teams,3241,233.398887,172.30.1.250,172.30.1.1,UDP,168
Teams,3242,234.019199,172.30.1.250,172.30.1.1,UDP,132
Teams,3243,234.020197,172.30.1.250,172.30.1.1,UDP,1308
Teams,3244,234.020506,172.30.1.250,172.30.1.1,UDP,1308
Teams,3245,234.021244,172.30.1.250,172.30.1.1,UDP,1308
Teams,3246,234.022016,172.30.1.250,172.30.1.1,UDP,1308
Teams,3247,234.022294,172.30.1.250,172.30.1.1,UDP,180
Teams,3248,234.301126,172.30.1.250,172.30.1.1,UDP,192
Teams,3249,234.356493,172.30.1.250,172.30.1.1,UDP,192
Teams,3250,234.356997,172.30.1.250,172.30.1.1,UDP,192
Teams,3251,234.357435,172.30.1.250,172.30.1.1,UDP,180
Teams,3252,234.381409,172.30.1.250,172.30.1.1,UDP,180
Teams,3253,234.416395,172.30.1.250,172.30.1.1,UDP,192
Teams,3254,234.504006,172.30.1.250,172.30.1.1,UDP,236
Teams,3255,234.556939,172.30.1.250,172.30.1.1,UDP,188
Teams,3256,234.560753,172.30.1.250,172.30.1.1,UDP,180
Teams,3257,234.577124,172.30.1.250,172.30.1.1,UDP,200
Teams,3258,234.597050,172.30.1.250,172.30.1.1,UDP,192
Teams,3259,234.613680,172.30.1.250,172.30.1.1,UDP,192
Teams,3260,234.638898,172.30.1.250,172.30.1.1,UDP,196
Teams,3261,234.660147,172.30.1.250,172.30.1.1,UDP,204
Teams,3262,234.679687,172.30.1.250,172.30.1.1,UDP,192
Teams,3263,234.699029,172.30.1.250,172.30.1.1,UDP,200
Teams,3264,234.745879,172.30.1.250,172.30.1.1,UDP,216
Teams,3265,234.746109,172.30.1.250,172.30.1.1,UDP,196
Teams,3266,234.759766,172.30.1.250,172.30.1.1,UDP,200
Teams,3267,234.780876,172.30.1.250,172.30.1.1,UDP,204
Teams,3268,234.800012,172.30.1.250,172.30.1.1,UDP,196
Teams,3269,234.819870,172.30.1.250,172.30.1.1,UDP,200
Teams,3270,234.839914,172.30.1.250,172.30.1.1,UDP,192
Teams,3271,234.859503,172.30.1.250,172.30.1.1,UDP,184
Teams,3272,234.879190,172.30.1.250,172.30.1.1,UDP,196
Teams,3273,234.909506,172.30.1.250,172.30.1.1,UDP,204
Teams,3274,234.923569,172.30.1.250,172.30.1.1,UDP,200
Teams,3275,234.937761,172.30.1.250,172.30.1.1,UDP,212
Teams,3276,234.957561,172.30.1.250,172.30.1.1,UDP,196
Teams,3277,234.973712,172.30.1.250,172.30.1.1,UDP,188
Teams,3278,234.999841,172.30.1.250,172.30.1.1,UDP,184
Teams,3279,235.021059,172.30.1.250,172.30.1.1,UDP,184
Teams,3280,235.057671,172.30.1.250,172.30.1.1,UDP,176
Teams,3281,235.059281,172.30.1.250,172.30.1.1,UDP,124
Teams,3282,235.365223,172.30.1.250,172.30.1.1,UDP,192
Teams,3283,235.365854,172.30.1.250,172.30.1.1,UDP,192
Teams,3284,235.419993,172.30.1.250,172.30.1.1,UDP,192
Teams,3285,235.476041,172.30.1.250,172.30.1.1,UDP,192
Teams,3286,236.422798,172.30.1.250,172.30.1.1,UDP,192
Teams,3287,236.424032,172.30.1.250,172.30.1.1,UDP,192
Teams,3288,236.479664,172.30.1.250,172.30.1.1,UDP,192
Teams,3289,236.502742,172.30.1.250,172.30.1.1,UDP,180
Teams,3290,236.537670,172.30.1.250,172.30.1.1,UDP,192
Teams,3291,236.896745,172.30.1.250,172.30.1.1,UDP,236
Teams,3292,237.021541,172.30.1.250,172.30.1.1,UDP,132
Teams,3293,237.022463,172.30.1.250,172.30.1.1,UDP,1308
Teams,3294,237.022653,172.30.1.250,172.30.1.1,UDP,1308
Teams,3295,237.022823,172.30.1.250,172.30.1.1,UDP,1308
Teams,3296,237.022968,172.30.1.250,172.30.1.1,UDP,1308
Teams,3297,237.208963,172.30.1.250,172.30.1.1,UDP,180
Teams,3298,237.388817,172.30.1.250,172.30.1.1,UDP,168
Teams,3299,237.436045,172.30.1.250,172.30.1.1,UDP,192
Teams,3300,237.448597,172.30.1.250,172.30.1.1,UDP,192
Teams,3301,237.472898,172.30.1.250,172.30.1.1,UDP,236
Teams,3302,237.512008,172.30.1.250,172.30.1.1,UDP,180
Teams,3303,237.567941,172.30.1.250,172.30.1.1,UDP,192
Teams,3304,238.308426,172.30.1.250,172.30.1.1,UDP,168
Teams,3305,238.416330,172.30.1.250,172.30.1.1,UDP,168
Teams,3306,238.416482,172.30.1.250,172.30.1.1,UDP,192
Teams,3307,238.528377,172.30.1.250,172.30.1.1,UDP,168
Teams,3308,238.687537,172.30.1.250,172.30.1.1,UDP,180
Teams,3309,239.357138,172.30.1.250,172.30.1.1,UDP,192
Teams,3310,239.469198,172.30.1.250,172.30.1.1,UDP,192
Teams,3311,239.469669,172.30.1.250,172.30.1.1,UDP,192
Teams,3312,239.582361,172.30.1.250,172.30.1.1,UDP,192
Teams,3313,239.905425,172.30.1.250,172.30.1.1,UDP,180
Teams,3314,239.950947,172.30.1.250,172.30.1.1,UDP,180
Teams,3315,240.031156,172.30.1.250,172.30.1.1,UDP,132
Teams,3316,240.031566,172.30.1.250,172.30.1.1,UDP,1308
Teams,3317,240.031844,172.30.1.250,172.30.1.1,UDP,1308
Teams,3318,240.032100,172.30.1.250,172.30.1.1,UDP,1308
Teams,3319,240.032350,172.30.1.250,172.30.1.1,UDP,1308
Teams,3320,240.235497,172.30.1.250,172.30.1.1,UDP,192
Teams,3321,240.256552,172.30.1.250,172.30.1.1,UDP,200
Teams,3322,240.286295,172.30.1.250,172.30.1.1,UDP,200
Teams,3323,240.291643,172.30.1.250,172.30.1.1,UDP,200
Teams,3324,240.313438,172.30.1.250,172.30.1.1,UDP,200
Teams,3325,240.335003,172.30.1.250,172.30.1.1,UDP,204
Teams,3326,240.356129,172.30.1.250,172.30.1.1,UDP,208
Teams,3327,240.373730,172.30.1.250,172.30.1.1,UDP,196
Teams,3328,240.395548,172.30.1.250,172.30.1.1,UDP,212
Teams,3329,240.413157,172.30.1.250,172.30.1.1,UDP,192
Teams,3330,240.415220,172.30.1.250,172.30.1.1,UDP,200
Teams,3331,240.436931,172.30.1.250,172.30.1.1,UDP,200
Teams,3332,240.453622,172.30.1.250,172.30.1.1,UDP,200
Teams,3333,240.500260,172.30.1.250,172.30.1.1,UDP,208
Teams,3334,240.500433,172.30.1.250,172.30.1.1,UDP,200
Teams,3335,240.518656,172.30.1.250,172.30.1.1,UDP,204
Teams,3336,240.524937,172.30.1.250,172.30.1.1,UDP,192
Teams,3337,240.525122,172.30.1.250,172.30.1.1,UDP,192
Teams,3338,240.538315,172.30.1.250,172.30.1.1,UDP,236
Teams,3339,240.554001,172.30.1.250,172.30.1.1,UDP,204
Teams,3340,240.554206,172.30.1.250,172.30.1.1,UDP,192
Teams,3341,240.576526,172.30.1.250,172.30.1.1,UDP,196
Teams,3342,240.613791,172.30.1.250,172.30.1.1,UDP,184
Teams,3343,240.617552,172.30.1.250,172.30.1.1,UDP,180
Teams,3344,240.637202,172.30.1.250,172.30.1.1,UDP,176
Teams,3345,240.642805,172.30.1.250,172.30.1.1,UDP,192
Teams,3346,240.642994,172.30.1.250,172.30.1.1,UDP,180
Teams,3347,240.653990,172.30.1.250,172.30.1.1,UDP,172
Teams,3348,240.676359,172.30.1.250,172.30.1.1,UDP,164
Teams,3349,240.695675,172.30.1.250,172.30.1.1,UDP,176
Teams,3350,240.724834,172.30.1.250,172.30.1.1,UDP,204
Teams,3351,240.738731,172.30.1.250,172.30.1.1,UDP,192
Teams,3352,240.758682,172.30.1.250,172.30.1.1,UDP,124
Teams,3353,241.139311,172.30.1.250,172.30.1.1,UDP,192
Teams,3354,241.141520,172.30.1.250,172.30.1.1,UDP,204
Teams,3355,241.159469,172.30.1.250,172.30.1.1,UDP,200
Teams,3356,241.176664,172.30.1.250,172.30.1.1,UDP,204
Teams,3357,241.202328,172.30.1.250,172.30.1.1,UDP,200
Teams,3358,241.216349,172.30.1.250,172.30.1.1,UDP,212
Teams,3359,241.251248,172.30.1.250,172.30.1.1,UDP,196
Teams,3360,241.251643,172.30.1.250,172.30.1.1,UDP,196
Teams,3361,241.274680,172.30.1.250,172.30.1.1,UDP,196
Teams,3362,241.301484,172.30.1.250,172.30.1.1,UDP,204
Teams,3363,241.312190,172.30.1.250,172.30.1.1,UDP,196
Teams,3364,241.333485,172.30.1.250,172.30.1.1,UDP,208
Teams,3365,241.354982,172.30.1.250,172.30.1.1,UDP,208
Teams,3366,241.374750,172.30.1.250,172.30.1.1,UDP,200
Teams,3367,241.396134,172.30.1.250,172.30.1.1,UDP,208
Teams,3368,241.416262,172.30.1.250,172.30.1.1,UDP,200
Teams,3369,241.460580,172.30.1.250,172.30.1.1,UDP,204
Teams,3370,241.460768,172.30.1.250,172.30.1.1,UDP,196
Teams,3371,241.464574,172.30.1.250,172.30.1.1,UDP,180
Teams,3372,241.476100,172.30.1.250,172.30.1.1,UDP,192
Teams,3373,241.480171,172.30.1.250,172.30.1.1,UDP,208
Teams,3374,241.499066,172.30.1.250,172.30.1.1,UDP,192
Teams,3375,241.514872,172.30.1.250,172.30.1.1,UDP,200
Teams,3376,241.536220,172.30.1.250,172.30.1.1,UDP,196
Teams,3377,241.569413,172.30.1.250,172.30.1.1,UDP,188
Teams,3378,241.577908,172.30.1.250,172.30.1.1,UDP,184
Teams,3379,241.592949,172.30.1.250,172.30.1.1,UDP,192
Teams,3380,241.593133,172.30.1.250,172.30.1.1,UDP,192
Teams,3381,241.597489,172.30.1.250,172.30.1.1,UDP,192
Teams,3382,241.617683,172.30.1.250,172.30.1.1,UDP,212
Teams,3383,241.643991,172.30.1.250,172.30.1.1,UDP,204
Teams,3384,241.664396,172.30.1.250,172.30.1.1,UDP,196
Teams,3385,241.678758,172.30.1.250,172.30.1.1,UDP,188
Teams,3386,241.696208,172.30.1.250,172.30.1.1,UDP,176
Teams,3387,241.707765,172.30.1.250,172.30.1.1,UDP,192
Teams,3388,241.719503,172.30.1.250,172.30.1.1,UDP,176
Teams,3389,241.736519,172.30.1.250,172.30.1.1,UDP,180
Teams,3390,241.785927,172.30.1.250,172.30.1.1,UDP,132
Teams,3391,241.875797,172.30.1.1,172.30.1.250,TLSv1.2,132
Teams,3392,241.876304,172.30.1.250,172.30.1.1,TCP,88
Teams,3393,241.980560,172.30.1.250,172.30.1.1,TLSv1.2,128
Teams,3394,241.983296,172.30.1.1,172.30.1.250,TCP,88
Teams,3395,242.227362,172.30.1.1,172.30.1.250,TLSv1.2,132
Teams,3396,242.227638,172.30.1.250,172.30.1.1,TCP,88
Teams,3397,242.305885,172.30.1.250,172.30.1.1,TLSv1.2,128
Teams,3398,242.307364,172.30.1.1,172.30.1.250,TCP,88
Teams,3399,242.416218,172.30.1.250,172.30.1.1,UDP,204
Teams,3400,242.418076,172.30.1.250,172.30.1.1,UDP,208
Teams,3401,242.436149,172.30.1.250,172.30.1.1,UDP,208
Teams,3402,242.482076,172.30.1.250,172.30.1.1,UDP,196
Teams,3403,242.482263,172.30.1.250,172.30.1.1,UDP,196
Teams,3404,242.483562,172.30.1.250,172.30.1.1,UDP,168
Teams,3405,242.496264,172.30.1.250,172.30.1.1,UDP,204
Teams,3406,242.521370,172.30.1.250,172.30.1.1,UDP,196
Teams,3407,242.535309,172.30.1.250,172.30.1.1,UDP,192
Teams,3408,242.540510,172.30.1.250,172.30.1.1,UDP,204
Teams,3409,242.559635,172.30.1.250,172.30.1.1,UDP,208
Teams,3410,242.578841,172.30.1.250,172.30.1.1,UDP,212
Teams,3411,242.597793,172.30.1.250,172.30.1.1,UDP,208
Teams,3412,242.622631,172.30.1.250,172.30.1.1,UDP,192
Teams,3413,242.641492,172.30.1.250,172.30.1.1,UDP,204
Teams,3414,242.651010,172.30.1.250,172.30.1.1,UDP,192
Teams,3415,242.659654,172.30.1.250,172.30.1.1,UDP,204
Teams,3416,242.679667,172.30.1.250,172.30.1.1,UDP,196
Teams,3417,242.698417,172.30.1.250,172.30.1.1,UDP,200
Teams,3418,242.740491,172.30.1.250,172.30.1.1,UDP,196
Teams,3419,242.747249,172.30.1.250,172.30.1.1,UDP,212
Teams,3420,242.756692,172.30.1.250,172.30.1.1,UDP,200
Teams,3421,242.762790,172.30.1.250,172.30.1.1,UDP,192
Teams,3422,242.797580,172.30.1.250,172.30.1.1,UDP,192
Teams,3423,242.800560,172.30.1.250,172.30.1.1,UDP,192
Teams,3424,242.816649,172.30.1.250,172.30.1.1,TLSv1.2,884
Teams,3425,242.818084,172.30.1.1,172.30.1.250,TCP,88
Teams,3426,242.819665,172.30.1.250,172.30.1.1,UDP,192
Teams,3427,242.821793,172.30.1.250,172.30.1.1,UDP,236
Teams,3428,242.828002,172.30.1.1,172.30.1.250,TLSv1.2,852
Teams,3429,242.828352,172.30.1.250,172.30.1.1,TCP,88
Teams,3430,242.828824,172.30.1.1,172.30.1.250,TLSv1.2,120
Teams,3431,242.829008,172.30.1.250,172.30.1.1,TCP,88
Teams,3432,242.860871,172.30.1.250,172.30.1.1,UDP,208
Teams,3433,242.861051,172.30.1.250,172.30.1.1,UDP,196
Teams,3434,242.879028,172.30.1.250,172.30.1.1,UDP,200
Teams,3435,242.908542,172.30.1.250,172.30.1.1,UDP,220
Teams,3436,242.912270,172.30.1.250,172.30.1.1,UDP,204
Teams,3437,242.933405,172.30.1.250,172.30.1.1,UDP,184
Teams,3438,242.955065,172.30.1.250,172.30.1.1,UDP,192
Teams,3439,242.971092,172.30.1.250,172.30.1.1,UDP,200
Teams,3440,242.992736,172.30.1.250,172.30.1.1,UDP,124
Teams,3441,243.031285,172.30.1.250,172.30.1.1,UDP,132
Teams,3442,243.031431,172.30.1.250,172.30.1.1,UDP,1308
Teams,3443,243.031538,172.30.1.250,172.30.1.1,UDP,1308
Teams,3444,243.031647,172.30.1.250,172.30.1.1,UDP,1308
Teams,3445,243.031734,172.30.1.250,172.30.1.1,UDP,1308
Teams,3446,243.082523,172.30.1.250,172.30.1.1,TLSv1.2,884
Teams,3447,243.083634,172.30.1.1,172.30.1.250,TCP,88
Teams,3448,243.088107,172.30.1.1,172.30.1.250,TLSv1.2,852
Teams,3449,243.088355,172.30.1.250,172.30.1.1,TCP,88
Teams,3450,243.088584,172.30.1.1,172.30.1.250,TLSv1.2,120
Teams,3451,243.088641,172.30.1.250,172.30.1.1,TCP,88
Teams,3452,243.430724,172.30.1.250,172.30.1.1,UDP,168
Teams,3453,243.474088,172.30.1.250,172.30.1.1,UDP,180
Teams,3454,243.546110,172.30.1.250,172.30.1.1,UDP,168
Teams,3455,243.546372,172.30.1.250,172.30.1.1,UDP,192
Teams,3456,243.602697,172.30.1.250,172.30.1.1,UDP,168
Teams,3457,243.628395,172.30.1.250,172.30.1.1,UDP,236
Teams,3458,243.686235,172.30.1.250,172.30.1.1,UDP,180
Teams,3459,243.687282,172.30.1.250,172.30.1.1,UDP,180
Teams,3460,243.982168,172.30.1.250,172.30.1.1,UDP,196
Teams,3461,244.001729,172.30.1.250,172.30.1.1,UDP,208
Teams,3462,244.021199,172.30.1.250,172.30.1.1,UDP,196
Teams,3463,244.040777,172.30.1.250,172.30.1.1,UDP,184
Teams,3464,244.076783,172.30.1.250,172.30.1.1,UDP,180
Teams,3465,244.086419,172.30.1.250,172.30.1.1,UDP,172
Teams,3466,244.098870,172.30.1.250,172.30.1.1,UDP,168
Teams,3467,244.140093,172.30.1.250,172.30.1.1,UDP,172
Teams,3468,244.140267,172.30.1.250,172.30.1.1,UDP,176
Teams,3469,244.159217,172.30.1.250,172.30.1.1,UDP,192
Teams,3470,244.190311,172.30.1.250,172.30.1.1,UDP,220
Teams,3471,244.199313,172.30.1.250,172.30.1.1,UDP,228
Teams,3472,244.222217,172.30.1.250,172.30.1.1,UDP,208
Teams,3473,244.242353,172.30.1.250,172.30.1.1,UDP,204
Teams,3474,244.252199,172.30.1.250,172.30.1.1,UDP,200
Teams,3475,244.273346,172.30.1.250,172.30.1.1,UDP,192
Teams,3476,244.296312,172.30.1.250,172.30.1.1,UDP,192
Teams,3477,244.315397,172.30.1.250,172.30.1.1,UDP,184
Teams,3478,244.331899,172.30.1.250,172.30.1.1,UDP,180
Teams,3479,244.353443,172.30.1.250,172.30.1.1,UDP,184
Teams,3480,244.396284,172.30.1.250,172.30.1.1,UDP,184
Teams,3481,244.396503,172.30.1.250,172.30.1.1,UDP,184
Teams,3482,244.412696,172.30.1.250,172.30.1.1,UDP,188
Teams,3483,244.439186,172.30.1.250,172.30.1.1,UDP,184
Teams,3484,244.453159,172.30.1.250,172.30.1.1,UDP,192
Teams,3485,244.454310,172.30.1.250,172.30.1.1,UDP,192
Teams,3486,244.479255,172.30.1.250,172.30.1.1,UDP,184
Teams,3487,244.496293,172.30.1.250,172.30.1.1,UDP,192
Teams,3488,244.522134,172.30.1.250,172.30.1.1,UDP,208
Teams,3489,244.540782,172.30.1.250,172.30.1.1,UDP,208
Teams,3490,244.559184,172.30.1.250,172.30.1.1,UDP,204
Teams,3491,244.571523,172.30.1.250,172.30.1.1,UDP,192
Teams,3492,244.571888,172.30.1.250,172.30.1.1,UDP,192
Teams,3493,244.578795,172.30.1.250,172.30.1.1,UDP,196
Teams,3494,244.593551,172.30.1.250,172.30.1.1,UDP,200
Teams,3495,244.620348,172.30.1.250,172.30.1.1,UDP,216
Teams,3496,244.628554,172.30.1.250,172.30.1.1,UDP,192
Teams,3497,244.659907,172.30.1.250,172.30.1.1,UDP,204
Teams,3498,244.660127,172.30.1.250,172.30.1.1,UDP,220
Teams,3499,244.674306,172.30.1.250,172.30.1.1,UDP,212
Teams,3500,244.700955,172.30.1.250,172.30.1.1,UDP,204
Teams,3501,244.718992,172.30.1.250,172.30.1.1,UDP,204
Teams,3502,244.738859,172.30.1.250,172.30.1.1,UDP,208
Teams,3503,244.754129,172.30.1.250,172.30.1.1,UDP,208
Teams,3504,244.778426,172.30.1.250,172.30.1.1,UDP,212
Teams,3505,244.792687,172.30.1.250,172.30.1.1,UDP,200
Teams,3506,244.825920,172.30.1.250,172.30.1.1,UDP,212
Teams,3507,244.834916,172.30.1.250,172.30.1.1,UDP,204
Teams,3508,244.857490,172.30.1.250,172.30.1.1,UDP,204
Teams,3509,244.873730,172.30.1.250,172.30.1.1,UDP,208
Teams,3510,244.896376,172.30.1.250,172.30.1.1,UDP,200
Teams,3511,244.917662,172.30.1.250,172.30.1.1,UDP,212
Teams,3512,244.932092,172.30.1.250,172.30.1.1,UDP,216
Teams,3513,244.954274,172.30.1.250,172.30.1.1,UDP,196
Teams,3514,244.977858,172.30.1.250,172.30.1.1,UDP,196
Teams,3515,245.005953,172.30.1.250,172.30.1.1,UDP,196
Teams,3516,245.036481,172.30.1.250,172.30.1.1,UDP,192
Teams,3517,245.038237,172.30.1.250,172.30.1.1,UDP,204
Teams,3518,245.053430,172.30.1.250,172.30.1.1,UDP,192
Teams,3519,245.093492,172.30.1.250,172.30.1.1,UDP,192
Teams,3520,245.093823,172.30.1.250,172.30.1.1,UDP,204
Teams,3521,245.113884,172.30.1.250,172.30.1.1,UDP,192
Teams,3522,245.140278,172.30.1.250,172.30.1.1,UDP,188
Teams,3523,245.158698,172.30.1.250,172.30.1.1,UDP,204
Teams,3524,245.172772,172.30.1.250,172.30.1.1,UDP,192
Teams,3525,245.203199,172.30.1.250,172.30.1.1,UDP,200
Teams,3526,245.213705,172.30.1.250,172.30.1.1,UDP,208
Teams,3527,245.233532,172.30.1.250,172.30.1.1,UDP,200
Teams,3528,245.254365,172.30.1.250,172.30.1.1,UDP,188
Teams,3529,245.298919,172.30.1.250,172.30.1.1,UDP,188
Teams,3530,245.299100,172.30.1.250,172.30.1.1,UDP,188
Teams,3531,245.314411,172.30.1.250,172.30.1.1,UDP,208
Teams,3532,245.353500,172.30.1.250,172.30.1.1,UDP,192
Teams,3533,245.356661,172.30.1.250,172.30.1.1,UDP,208
Teams,3534,245.382259,172.30.1.250,172.30.1.1,UDP,212
Teams,3535,245.415789,172.30.1.250,172.30.1.1,UDP,200
Teams,3536,245.416037,172.30.1.250,172.30.1.1,UDP,204
Teams,3537,245.440531,172.30.1.250,172.30.1.1,UDP,204
Teams,3538,245.465472,172.30.1.250,172.30.1.1,UDP,188
Teams,3539,245.474195,172.30.1.250,172.30.1.1,UDP,192
Teams,3540,245.480074,172.30.1.250,172.30.1.1,UDP,124
Teams,3541,245.561553,172.30.1.250,172.30.1.1,UDP,200
Teams,3542,245.577763,172.30.1.250,172.30.1.1,UDP,212
Teams,3543,245.590330,172.30.1.250,172.30.1.1,UDP,192
Teams,3544,245.590970,172.30.1.250,172.30.1.1,UDP,192
Teams,3545,245.596028,172.30.1.250,172.30.1.1,UDP,180
Teams,3546,245.620362,172.30.1.250,172.30.1.1,UDP,168
Teams,3547,245.639373,172.30.1.250,172.30.1.1,UDP,192
Teams,3548,245.648501,172.30.1.250,172.30.1.1,UDP,192
Teams,3549,245.653964,172.30.1.250,172.30.1.1,UDP,176
Teams,3550,245.679687,172.30.1.250,172.30.1.1,UDP,156
Teams,3551,245.698603,172.30.1.250,172.30.1.1,UDP,160
Teams,3552,245.717489,172.30.1.250,172.30.1.1,UDP,160
Teams,3553,245.736229,172.30.1.250,172.30.1.1,UDP,160
Teams,3554,245.760650,172.30.1.250,172.30.1.1,UDP,152
Teams,3555,245.781195,172.30.1.250,172.30.1.1,UDP,152
Teams,3556,245.799773,172.30.1.250,172.30.1.1,UDP,160
Teams,3557,245.819221,172.30.1.250,172.30.1.1,UDP,160
Teams,3558,245.844018,172.30.1.250,172.30.1.1,UDP,160
Teams,3559,245.857923,172.30.1.250,172.30.1.1,UDP,184
Teams,3560,245.878266,172.30.1.250,172.30.1.1,UDP,228
Teams,3561,245.897741,172.30.1.250,172.30.1.1,UDP,216
Teams,3562,245.941809,172.30.1.250,172.30.1.1,UDP,180
Teams,3563,245.949009,172.30.1.250,172.30.1.1,UDP,212
Teams,3564,245.949186,172.30.1.250,172.30.1.1,UDP,204
Teams,3565,245.957123,172.30.1.250,172.30.1.1,UDP,212
Teams,3566,245.996170,172.30.1.250,172.30.1.1,UDP,204
Teams,3567,245.999682,172.30.1.250,172.30.1.1,UDP,196
Teams,3568,246.019421,172.30.1.250,172.30.1.1,UDP,212
Teams,3569,246.032109,172.30.1.250,172.30.1.1,UDP,132
Teams,3570,246.032419,172.30.1.250,172.30.1.1,UDP,1308
Teams,3571,246.056713,172.30.1.250,172.30.1.1,UDP,232
Teams,3572,246.060645,172.30.1.250,172.30.1.1,UDP,224
Teams,3573,246.080004,172.30.1.250,172.30.1.1,UDP,212
Teams,3574,246.108704,172.30.1.250,172.30.1.1,UDP,208
Teams,3575,246.122645,172.30.1.250,172.30.1.1,UDP,204
Teams,3576,246.142256,172.30.1.250,172.30.1.1,UDP,220
Teams,3577,246.159526,172.30.1.250,172.30.1.1,UDP,220
Teams,3578,246.178075,172.30.1.250,172.30.1.1,UDP,204
Teams,3579,246.198135,172.30.1.250,172.30.1.1,UDP,200
Teams,3580,246.213573,172.30.1.250,172.30.1.1,UDP,212
Teams,3581,246.259433,172.30.1.250,172.30.1.1,UDP,212
Teams,3582,246.259804,172.30.1.250,172.30.1.1,UDP,204
Teams,3583,246.274693,172.30.1.250,172.30.1.1,UDP,204
Teams,3584,246.313685,172.30.1.250,172.30.1.1,UDP,212
Teams,3585,246.313860,172.30.1.250,172.30.1.1,UDP,212
Teams,3586,246.333134,172.30.1.250,172.30.1.1,UDP,200
Teams,3587,246.365571,172.30.1.250,172.30.1.1,UDP,200
Teams,3588,246.375398,172.30.1.250,172.30.1.1,UDP,184
Teams,3589,246.391533,172.30.1.250,172.30.1.1,UDP,176
Teams,3590,246.430783,172.30.1.250,172.30.1.1,UDP,176
Teams,3591,246.434532,172.30.1.250,172.30.1.1,UDP,180
Teams,3592,246.459544,172.30.1.250,172.30.1.1,UDP,196
Teams,3593,246.474131,172.30.1.250,172.30.1.1,UDP,180
Teams,3594,246.500509,172.30.1.250,172.30.1.1,UDP,188
Teams,3595,246.510386,172.30.1.250,172.30.1.1,UDP,192
Teams,3596,246.519775,172.30.1.250,172.30.1.1,UDP,192
Teams,3597,246.534089,172.30.1.250,172.30.1.1,UDP,176
Teams,3598,246.556644,172.30.1.250,172.30.1.1,UDP,176
Teams,3599,246.581772,172.30.1.250,172.30.1.1,UDP,176
Teams,3600,246.600699,172.30.1.250,172.30.1.1,UDP,212
Teams,3601,246.627417,172.30.1.250,172.30.1.1,UDP,192
Teams,3602,246.627789,172.30.1.250,172.30.1.1,UDP,192
Teams,3603,246.635283,172.30.1.250,172.30.1.1,UDP,220
Teams,3604,246.638700,172.30.1.250,172.30.1.1,UDP,220
Teams,3605,246.656296,172.30.1.250,172.30.1.1,UDP,220
Teams,3606,246.686362,172.30.1.250,172.30.1.1,UDP,192
Teams,3607,246.689150,172.30.1.250,172.30.1.1,UDP,212
Teams,3608,246.699038,172.30.1.250,172.30.1.1,UDP,208
Teams,3609,246.714156,172.30.1.250,172.30.1.1,UDP,200
Teams,3610,246.748502,172.30.1.250,172.30.1.1,UDP,188
Teams,3611,246.757755,172.30.1.250,172.30.1.1,UDP,204
Teams,3612,246.780919,172.30.1.250,172.30.1.1,UDP,180
Teams,3613,246.800687,172.30.1.250,172.30.1.1,UDP,168
Teams,3614,246.816546,172.30.1.250,172.30.1.1,UDP,176
Teams,3615,246.831559,172.30.1.250,172.30.1.1,UDP,172
Teams,3616,246.853753,172.30.1.250,172.30.1.1,UDP,212
Teams,3617,246.871998,172.30.1.250,172.30.1.1,UDP,188
Teams,3618,246.894780,172.30.1.250,172.30.1.1,UDP,228
Teams,3619,246.916205,172.30.1.250,172.30.1.1,UDP,196
Teams,3620,246.937903,172.30.1.250,172.30.1.1,UDP,208
Teams,3621,246.955498,172.30.1.250,172.30.1.1,UDP,204
Teams,3622,246.976424,172.30.1.250,172.30.1.1,UDP,204
Teams,3623,246.998334,172.30.1.250,172.30.1.1,UDP,204
Teams,3624,247.014193,172.30.1.250,172.30.1.1,UDP,208
Teams,3625,247.037499,172.30.1.250,172.30.1.1,UDP,176
Teams,3626,247.052515,172.30.1.250,172.30.1.1,UDP,168
Teams,3627,247.079249,172.30.1.250,172.30.1.1,UDP,172
Teams,3628,247.094147,172.30.1.250,172.30.1.1,UDP,196
Teams,3629,247.126482,172.30.1.250,172.30.1.1,UDP,196
Teams,3630,247.137179,172.30.1.250,172.30.1.1,UDP,192
Teams,3631,247.156655,172.30.1.250,172.30.1.1,UDP,200
Teams,3632,247.177753,172.30.1.250,172.30.1.1,UDP,180
Teams,3633,247.217905,172.30.1.250,172.30.1.1,UDP,188
Teams,3634,247.218059,172.30.1.250,172.30.1.1,UDP,208
Teams,3635,247.232848,172.30.1.250,172.30.1.1,UDP,192
Teams,3636,247.277124,172.30.1.250,172.30.1.1,UDP,200
Teams,3637,247.277432,172.30.1.250,172.30.1.1,UDP,188
Teams,3638,247.291304,172.30.1.250,172.30.1.1,UDP,184
Teams,3639,247.328195,172.30.1.250,172.30.1.1,UDP,188
Teams,3640,247.333880,172.30.1.250,172.30.1.1,UDP,176
Teams,3641,247.356332,172.30.1.250,172.30.1.1,UDP,184
Teams,3642,247.376138,172.30.1.250,172.30.1.1,UDP,164
Teams,3643,247.395923,172.30.1.250,172.30.1.1,UDP,164
Teams,3644,247.416992,172.30.1.250,172.30.1.1,UDP,160
Teams,3645,247.439157,172.30.1.250,172.30.1.1,UDP,160
Teams,3646,247.453892,172.30.1.250,172.30.1.1,UDP,168
Teams,3647,247.463392,172.30.1.250,172.30.1.1,STUN,296
Teams,3648,247.463831,172.30.1.250,172.30.1.1,STUN,296
Teams,3649,247.479530,172.30.1.250,172.30.1.1,UDP,168
Teams,3650,247.498324,172.30.1.250,172.30.1.1,UDP,124
Teams,3651,247.505848,172.30.1.250,172.30.1.1,STUN,260
Teams,3652,247.514001,172.30.1.250,172.30.1.1,STUN,260
Teams,3653,247.518870,172.30.1.250,172.30.1.1,STUN,296
Teams,3654,247.519146,172.30.1.250,172.30.1.1,STUN,296
Teams,3655,247.565034,172.30.1.250,172.30.1.1,STUN,260
Teams,3656,247.565443,172.30.1.250,172.30.1.1,STUN,260
Teams,3657,247.575544,172.30.1.250,172.30.1.1,UDP,192
Teams,3658,247.578943,172.30.1.250,172.30.1.1,UDP,168
Teams,3659,247.681783,172.30.1.250,172.30.1.1,UDP,192
Teams,3660,247.740914,172.30.1.250,172.30.1.1,UDP,192
Teams,3661,248.136787,172.30.1.250,172.30.1.1,UDP,236
Teams,3662,248.390388,172.30.1.250,172.30.1.1,TCP,88
Teams,3663,248.463170,172.30.1.250,172.30.1.1,UDP,168
Teams,3664,248.559696,172.30.1.250,172.30.1.1,UDP,200
Teams,3665,248.559910,172.30.1.250,172.30.1.1,UDP,208
Teams,3666,248.576031,172.30.1.250,172.30.1.1,UDP,204
Teams,3667,248.580647,172.30.1.250,172.30.1.1,UDP,168
Teams,3668,248.601222,172.30.1.250,172.30.1.1,UDP,204
Teams,3669,248.615284,172.30.1.250,172.30.1.1,UDP,200
Teams,3670,248.633696,172.30.1.250,172.30.1.1,UDP,192
Teams,3671,248.637174,172.30.1.250,172.30.1.1,UDP,200
Teams,3672,248.653887,172.30.1.250,172.30.1.1,UDP,212
Teams,3673,248.675648,172.30.1.250,172.30.1.1,UDP,220
Teams,3674,248.690731,172.30.1.250,172.30.1.1,UDP,168
Teams,3675,248.702082,172.30.1.250,172.30.1.1,UDP,212
Teams,3676,248.717698,172.30.1.250,172.30.1.1,UDP,220
Teams,3677,248.736623,172.30.1.250,172.30.1.1,UDP,212
Teams,3678,248.761706,172.30.1.250,172.30.1.1,UDP,204
Teams,3679,248.779305,172.30.1.250,172.30.1.1,UDP,212
Teams,3680,248.824928,172.30.1.250,172.30.1.1,UDP,204
Teams,3681,248.825217,172.30.1.250,172.30.1.1,UDP,200
Teams,3682,248.838555,172.30.1.250,172.30.1.1,UDP,200
Teams,3683,248.882763,172.30.1.250,172.30.1.1,UDP,212
Teams,3684,248.882947,172.30.1.250,172.30.1.1,UDP,204
Teams,3685,248.901520,172.30.1.250,172.30.1.1,UDP,204
Teams,3686,248.931478,172.30.1.250,172.30.1.1,UDP,204
Teams,3687,248.937177,172.30.1.250,172.30.1.1,UDP,200
Teams,3688,248.958045,172.30.1.250,172.30.1.1,UDP,212
Teams,3689,248.987631,172.30.1.250,172.30.1.1,UDP,204
Teams,3690,249.000829,172.30.1.250,172.30.1.1,UDP,208
Teams,3691,249.016776,172.30.1.250,172.30.1.1,UDP,200
Teams,3692,249.035518,172.30.1.250,172.30.1.1,UDP,132
Teams,3693,249.035686,172.30.1.250,172.30.1.1,UDP,1308
Teams,3694,249.042439,172.30.1.250,172.30.1.1,UDP,212
Teams,3695,249.061738,172.30.1.250,172.30.1.1,UDP,196
Teams,3696,249.081395,172.30.1.250,172.30.1.1,UDP,180
Teams,3697,249.100322,172.30.1.250,172.30.1.1,UDP,188
Teams,3698,249.146865,172.30.1.250,172.30.1.1,UDP,200
Teams,3699,249.147047,172.30.1.250,172.30.1.1,UDP,200
Teams,3700,249.160193,172.30.1.250,172.30.1.1,UDP,188
Teams,3701,249.199364,172.30.1.250,172.30.1.1,UDP,200
Teams,3702,249.199664,172.30.1.250,172.30.1.1,UDP,200
Teams,3703,249.219738,172.30.1.250,172.30.1.1,UDP,172
Teams,3704,249.243972,172.30.1.250,172.30.1.1,UDP,172
Teams,3705,249.254597,172.30.1.250,172.30.1.1,UDP,200
Teams,3706,249.275901,172.30.1.250,172.30.1.1,UDP,184
Teams,3707,249.293161,172.30.1.250,172.30.1.1,UDP,176
Teams,3708,249.313630,172.30.1.250,172.30.1.1,UDP,168
Teams,3709,249.340214,172.30.1.250,172.30.1.1,UDP,124
Teams,3710,249.496788,172.30.1.250,172.30.1.1,UDP,192
Teams,3711,249.606094,172.30.1.250,172.30.1.1,UDP,192
Teams,3712,249.664430,172.30.1.250,172.30.1.1,UDP,192
Teams,3713,249.700077,172.30.1.250,172.30.1.1,UDP,180
Teams,3714,249.725213,172.30.1.250,172.30.1.1,UDP,192
Teams,3715,249.798868,172.30.1.250,172.30.1.1,UDP,180
Teams,3716,250.551945,172.30.1.250,172.30.1.1,UDP,192
Teams,3717,250.664640,172.30.1.250,172.30.1.1,UDP,192
Teams,3718,250.721652,172.30.1.250,172.30.1.1,UDP,192
Teams,3719,250.776530,172.30.1.250,172.30.1.1,UDP,192
Teams,3720,251.613863,172.30.1.250,172.30.1.1,UDP,192
Teams,3721,251.726588,172.30.1.250,172.30.1.1,UDP,192
Teams,3722,251.786926,172.30.1.250,172.30.1.1,UDP,192
Teams,3723,251.847737,172.30.1.250,172.30.1.1,UDP,192
Teams,3724,251.962545,172.30.1.250,172.30.1.1,UDP,180
Teams,3725,251.997181,172.30.1.250,172.30.1.1,UDP,236
Teams,3726,252.041837,172.30.1.250,172.30.1.1,UDP,132
Teams,3727,252.042223,172.30.1.250,172.30.1.1,UDP,1308
Teams,3728,252.100729,172.30.1.250,172.30.1.1,UDP,180
Teams,3729,252.239135,172.30.1.250,172.30.1.1,UDP,180
Teams,3730,252.259370,172.30.1.250,172.30.1.1,UDP,200
Teams,3731,252.276198,172.30.1.250,172.30.1.1,UDP,180
Teams,3732,252.296915,172.30.1.250,172.30.1.1,UDP,172
Teams,3733,252.333855,172.30.1.250,172.30.1.1,UDP,176
Teams,3734,252.336065,172.30.1.250,172.30.1.1,UDP,172
Teams,3735,252.357418,172.30.1.250,172.30.1.1,UDP,164
Teams,3736,252.377092,172.30.1.250,172.30.1.1,UDP,164
Teams,3737,252.393734,172.30.1.250,172.30.1.1,UDP,172
Teams,3738,252.419683,172.30.1.250,172.30.1.1,UDP,196
Teams,3739,252.454483,172.30.1.250,172.30.1.1,UDP,216
Teams,3740,252.458527,172.30.1.250,172.30.1.1,UDP,208
Teams,3741,252.473879,172.30.1.250,172.30.1.1,UDP,204
Teams,3742,252.496361,172.30.1.250,172.30.1.1,UDP,200
Teams,3743,252.520562,172.30.1.250,172.30.1.1,UDP,208
Teams,3744,252.539052,172.30.1.250,172.30.1.1,UDP,204
Teams,3745,252.560611,172.30.1.250,172.30.1.1,UDP,208
Teams,3746,252.576577,172.30.1.250,172.30.1.1,UDP,196
Teams,3747,252.602505,172.30.1.250,172.30.1.1,UDP,204
Teams,3748,252.618584,172.30.1.250,172.30.1.1,UDP,200
Teams,3749,252.634191,172.30.1.250,172.30.1.1,UDP,200
Teams,3750,252.640087,172.30.1.250,172.30.1.1,UDP,192
Teams,3751,252.640415,172.30.1.250,172.30.1.1,UDP,168
Teams,3752,252.660223,172.30.1.250,172.30.1.1,UDP,192
Teams,3753,252.677195,172.30.1.250,172.30.1.1,UDP,196
Teams,3754,252.717207,172.30.1.250,172.30.1.1,UDP,204
Teams,3755,252.717433,172.30.1.250,172.30.1.1,UDP,200
Teams,3756,252.740199,172.30.1.250,172.30.1.1,UDP,124
Teams,3757,252.750287,172.30.1.250,172.30.1.1,UDP,192
Teams,3758,252.858881,172.30.1.250,172.30.1.1,UDP,192
Teams,3759,252.961846,172.30.1.250,172.30.1.1,UDP,180
Teams,3760,253.532525,172.30.1.250,172.30.1.1,UDP,168
Teams,3761,253.645162,172.30.1.250,172.30.1.1,UDP,168
Teams,3762,253.700307,172.30.1.250,172.30.1.1,UDP,192
Teams,3763,253.760668,172.30.1.250,172.30.1.1,UDP,168
Teams,3764,254.421108,172.30.1.250,172.30.1.1,UDP,236
Teams,3765,254.544941,172.30.1.250,172.30.1.1,UDP,192
Teams,3766,254.659676,172.30.1.250,172.30.1.1,UDP,192
Teams,3767,254.715545,172.30.1.250,172.30.1.1,UDP,192
Teams,3768,254.772726,172.30.1.250,172.30.1.1,UDP,192
Teams,3769,255.049950,172.30.1.250,172.30.1.1,UDP,132
Teams,3770,255.050377,172.30.1.250,172.30.1.1,UDP,1308
Teams,3771,255.050537,172.30.1.250,172.30.1.1,UDP,1308
Teams,3772,255.556704,172.30.1.250,172.30.1.1,UDP,192
Teams,3773,255.724543,172.30.1.250,172.30.1.1,UDP,192
Teams,3774,255.741384,172.30.1.250,172.30.1.1,UDP,188
Teams,3775,255.766157,172.30.1.250,172.30.1.1,UDP,212
Teams,3776,255.783296,172.30.1.250,172.30.1.1,UDP,192
Teams,3777,255.786025,172.30.1.250,172.30.1.1,UDP,212
Teams,3778,255.800061,172.30.1.250,172.30.1.1,UDP,204
Teams,3779,255.819247,172.30.1.250,172.30.1.1,UDP,216
Teams,3780,255.833538,172.30.1.250,172.30.1.1,UDP,204
Teams,3781,255.845507,172.30.1.250,172.30.1.1,UDP,192
Teams,3782,255.861517,172.30.1.250,172.30.1.1,UDP,200
Teams,3783,255.880530,172.30.1.250,172.30.1.1,UDP,208
Teams,3784,255.920501,172.30.1.250,172.30.1.1,UDP,212
Teams,3785,255.920750,172.30.1.250,172.30.1.1,UDP,208
Teams,3786,255.940586,172.30.1.250,172.30.1.1,UDP,204
Teams,3787,255.972801,172.30.1.250,172.30.1.1,UDP,208
Teams,3788,255.975955,172.30.1.250,172.30.1.1,UDP,208
Teams,3789,256.000826,172.30.1.250,172.30.1.1,UDP,196
Teams,3790,256.029376,172.30.1.250,172.30.1.1,UDP,200
Teams,3791,256.036206,172.30.1.250,172.30.1.1,UDP,204
Teams,3792,256.059392,172.30.1.250,172.30.1.1,UDP,200
Teams,3793,256.084522,172.30.1.250,172.30.1.1,UDP,212
Teams,3794,256.098449,172.30.1.250,172.30.1.1,UDP,212
Teams,3795,256.122949,172.30.1.250,172.30.1.1,UDP,212
Teams,3796,256.138500,172.30.1.250,172.30.1.1,UDP,204
Teams,3797,256.182321,172.30.1.250,172.30.1.1,UDP,204
Teams,3798,256.185534,172.30.1.250,172.30.1.1,UDP,200
Teams,3799,256.199039,172.30.1.250,172.30.1.1,UDP,208
Teams,3800,256.217695,172.30.1.250,172.30.1.1,UDP,200
Teams,3801,256.235082,172.30.1.250,172.30.1.1,UDP,208
Teams,3802,256.237159,172.30.1.250,172.30.1.1,UDP,180
Teams,3803,256.255841,172.30.1.250,172.30.1.1,UDP,200
Teams,3804,256.287270,172.30.1.250,172.30.1.1,UDP,196
Teams,3805,256.297178,172.30.1.250,172.30.1.1,UDP,200
Teams,3806,256.313064,172.30.1.250,172.30.1.1,UDP,228
Teams,3807,256.346329,172.30.1.250,172.30.1.1,UDP,212
Teams,3808,256.356008,172.30.1.250,172.30.1.1,UDP,204
Teams,3809,256.373188,172.30.1.250,172.30.1.1,UDP,204
Teams,3810,256.404116,172.30.1.250,172.30.1.1,UDP,204
Teams,3811,256.417226,172.30.1.250,172.30.1.1,UDP,204
Teams,3812,256.435538,172.30.1.250,172.30.1.1,UDP,212
Teams,3813,256.457187,172.30.1.250,172.30.1.1,UDP,216
Teams,3814,256.472975,172.30.1.250,172.30.1.1,UDP,200
Teams,3815,256.496418,172.30.1.250,172.30.1.1,UDP,208
Teams,3816,256.520524,172.30.1.250,172.30.1.1,UDP,208
Teams,3817,256.542254,172.30.1.250,172.30.1.1,UDP,200
Teams,3818,256.561874,172.30.1.250,172.30.1.1,UDP,208
Teams,3819,256.577625,172.30.1.250,172.30.1.1,UDP,180
Teams,3820,256.581855,172.30.1.250,172.30.1.1,UDP,204
Teams,3821,256.589087,172.30.1.250,172.30.1.1,UDP,192
Teams,3822,256.607554,172.30.1.250,172.30.1.1,UDP,204
Teams,3823,256.616263,172.30.1.250,172.30.1.1,UDP,200
Teams,3824,256.636849,172.30.1.250,172.30.1.1,UDP,216
Teams,3825,256.663595,172.30.1.250,172.30.1.1,UDP,228
Teams,3826,256.677204,172.30.1.250,172.30.1.1,UDP,196
Teams,3827,256.703008,172.30.1.250,172.30.1.1,UDP,208
Teams,3828,256.718732,172.30.1.250,172.30.1.1,UDP,220
Teams,3829,256.737922,172.30.1.250,172.30.1.1,UDP,204
Teams,3830,256.756312,172.30.1.250,172.30.1.1,UDP,204
Teams,3831,256.759903,172.30.1.250,172.30.1.1,UDP,192
Teams,3832,256.779830,172.30.1.250,172.30.1.1,UDP,216
Teams,3833,256.816201,172.30.1.250,172.30.1.1,UDP,192
Teams,3834,256.822744,172.30.1.250,172.30.1.1,UDP,196
Teams,3835,256.829508,172.30.1.250,172.30.1.1,UDP,204
Teams,3836,256.838853,172.30.1.250,172.30.1.1,UDP,208
Teams,3837,256.869813,172.30.1.250,172.30.1.1,UDP,192
Teams,3838,256.874399,172.30.1.250,172.30.1.1,UDP,212
Teams,3839,256.874568,172.30.1.250,172.30.1.1,UDP,204
Teams,3840,256.894798,172.30.1.250,172.30.1.1,UDP,208
Teams,3841,256.926855,172.30.1.250,172.30.1.1,UDP,204
Teams,3842,256.941926,172.30.1.250,172.30.1.1,UDP,204
Teams,3843,256.959449,172.30.1.250,172.30.1.1,UDP,196
Teams,3844,256.985172,172.30.1.250,172.30.1.1,UDP,188
Teams,3845,256.996812,172.30.1.250,172.30.1.1,UDP,188
Teams,3846,257.020968,172.30.1.250,172.30.1.1,UDP,204
Teams,3847,257.040290,172.30.1.250,172.30.1.1,UDP,208
Teams,3848,257.058883,172.30.1.250,172.30.1.1,UDP,192
Teams,3849,257.064388,172.30.1.250,172.30.1.1,UDP,180
Teams,3850,257.077900,172.30.1.250,172.30.1.1,UDP,188
Teams,3851,257.098462,172.30.1.250,172.30.1.1,UDP,204
Teams,3852,257.139522,172.30.1.250,172.30.1.1,UDP,176
Teams,3853,257.143064,172.30.1.250,172.30.1.1,UDP,168
Teams,3854,257.153034,172.30.1.250,172.30.1.1,UDP,160
Teams,3855,257.199189,172.30.1.250,172.30.1.1,UDP,172
Teams,3856,257.199449,172.30.1.250,172.30.1.1,UDP,164
Teams,3857,257.214180,172.30.1.250,172.30.1.1,UDP,172
Teams,3858,257.248320,172.30.1.250,172.30.1.1,UDP,176
Teams,3859,257.252664,172.30.1.250,172.30.1.1,UDP,168
Teams,3860,257.274086,172.30.1.250,172.30.1.1,UDP,184
Teams,3861,257.304989,172.30.1.250,172.30.1.1,UDP,184
Teams,3862,257.316237,172.30.1.250,172.30.1.1,UDP,176
Teams,3863,257.336380,172.30.1.250,172.30.1.1,UDP,172
Teams,3864,257.352343,172.30.1.250,172.30.1.1,UDP,132
Teams,3865,257.657840,172.30.1.250,172.30.1.1,UDP,192
Teams,3866,257.660878,172.30.1.250,172.30.1.1,UDP,204
Teams,3867,257.685782,172.30.1.250,172.30.1.1,UDP,216
Teams,3868,257.698929,172.30.1.250,172.30.1.1,UDP,192
Teams,3869,257.716504,172.30.1.250,172.30.1.1,UDP,168
Teams,3870,257.719476,172.30.1.250,172.30.1.1,UDP,196
Teams,3871,257.738130,172.30.1.250,172.30.1.1,UDP,216
Teams,3872,257.775437,172.30.1.250,172.30.1.1,UDP,192
Teams,3873,257.779516,172.30.1.250,172.30.1.1,UDP,224
Teams,3874,257.785988,172.30.1.250,172.30.1.1,UDP,224
Teams,3875,257.801810,172.30.1.250,172.30.1.1,UDP,220
Teams,3876,257.821117,172.30.1.250,172.30.1.1,UDP,232
Teams,3877,257.841465,172.30.1.250,172.30.1.1,UDP,224
Teams,3878,257.860573,172.30.1.250,172.30.1.1,UDP,192
Teams,3879,257.887920,172.30.1.250,172.30.1.1,UDP,192
Teams,3880,257.897761,172.30.1.250,172.30.1.1,UDP,200
Teams,3881,257.898083,172.30.1.250,172.30.1.1,UDP,176
Teams,3882,257.917928,172.30.1.250,172.30.1.1,UDP,196
Teams,3883,257.957705,172.30.1.250,172.30.1.1,UDP,188
Teams,3884,257.958102,172.30.1.250,172.30.1.1,UDP,164
Teams,3885,257.982521,172.30.1.250,172.30.1.1,UDP,172
Teams,3886,257.998296,172.30.1.250,172.30.1.1,UDP,164
Teams,3887,258.019528,172.30.1.250,172.30.1.1,UDP,184
Teams,3888,258.040257,172.30.1.250,172.30.1.1,UDP,200
Teams,3889,258.055273,172.30.1.250,172.30.1.1,UDP,132
Teams,3890,258.055589,172.30.1.250,172.30.1.1,UDP,1308
Teams,3891,258.055866,172.30.1.250,172.30.1.1,UDP,1308
Teams,3892,258.058905,172.30.1.250,172.30.1.1,UDP,232
Teams,3893,258.083325,172.30.1.250,172.30.1.1,UDP,216
Teams,3894,258.102722,172.30.1.250,172.30.1.1,UDP,200
Teams,3895,258.122019,172.30.1.250,172.30.1.1,UDP,208
Teams,3896,258.156203,172.30.1.250,172.30.1.1,UDP,208
Teams,3897,258.163199,172.30.1.250,172.30.1.1,UDP,204
Teams,3898,258.182754,172.30.1.250,172.30.1.1,UDP,212
Teams,3899,258.214272,172.30.1.250,172.30.1.1,UDP,220
Teams,3900,258.214374,172.30.1.250,172.30.1.1,UDP,220
Teams,3901,258.234045,172.30.1.250,172.30.1.1,UDP,224
Teams,3902,258.268877,172.30.1.250,172.30.1.1,UDP,224
Teams,3903,258.272836,172.30.1.250,172.30.1.1,UDP,164
Teams,3904,258.293864,172.30.1.250,172.30.1.1,UDP,208
Teams,3905,258.320565,172.30.1.250,172.30.1.1,UDP,232
Teams,3906,258.332224,172.30.1.250,172.30.1.1,UDP,212
Teams,3907,258.352798,172.30.1.250,172.30.1.1,UDP,212
Teams,3908,258.374742,172.30.1.250,172.30.1.1,UDP,224
Teams,3909,258.424734,172.30.1.250,172.30.1.1,UDP,228
Teams,3910,258.424934,172.30.1.250,172.30.1.1,UDP,232
Teams,3911,258.437779,172.30.1.250,172.30.1.1,UDP,232
Teams,3912,258.455698,172.30.1.250,172.30.1.1,UDP,220
Teams,3913,258.476719,172.30.1.250,172.30.1.1,UDP,224
Teams,3914,258.502275,172.30.1.250,172.30.1.1,UDP,204
Teams,3915,258.520620,172.30.1.250,172.30.1.1,UDP,196
Teams,3916,258.540202,172.30.1.250,172.30.1.1,UDP,224
Teams,3917,258.555785,172.30.1.250,172.30.1.1,UDP,216
Teams,3918,258.581734,172.30.1.250,172.30.1.1,UDP,204
Teams,3919,258.600854,172.30.1.250,172.30.1.1,UDP,212
Teams,3920,258.619542,172.30.1.250,172.30.1.1,UDP,212
Teams,3921,258.644150,172.30.1.250,172.30.1.1,UDP,228
Teams,3922,258.658445,172.30.1.250,172.30.1.1,UDP,224
Teams,3923,258.673465,172.30.1.250,172.30.1.1,UDP,192
Teams,3924,258.679132,172.30.1.250,172.30.1.1,UDP,216
Teams,3925,258.698639,172.30.1.250,172.30.1.1,UDP,212
Teams,3926,258.717849,172.30.1.250,172.30.1.1,UDP,204
Teams,3927,258.733951,172.30.1.250,172.30.1.1,UDP,168
Teams,3928,258.734309,172.30.1.250,172.30.1.1,UDP,192
Teams,3929,258.738223,172.30.1.250,172.30.1.1,UDP,204
Teams,3930,258.756642,172.30.1.250,172.30.1.1,UDP,192
Teams,3931,258.776641,172.30.1.250,172.30.1.1,UDP,184
Teams,3932,258.798302,172.30.1.250,172.30.1.1,UDP,196
Teams,3933,258.818092,172.30.1.250,172.30.1.1,UDP,176
Teams,3934,258.838162,172.30.1.250,172.30.1.1,UDP,176
Teams,3935,258.838652,172.30.1.250,172.30.1.1,UDP,168
Teams,3936,258.857705,172.30.1.250,172.30.1.1,UDP,172
Teams,3937,258.872719,172.30.1.250,172.30.1.1,UDP,188
Teams,3938,258.898801,172.30.1.250,172.30.1.1,UDP,204
Teams,3939,258.919100,172.30.1.250,172.30.1.1,UDP,204
Teams,3940,258.936351,172.30.1.250,172.30.1.1,UDP,216
Teams,3941,258.957430,172.30.1.250,172.30.1.1,UDP,212
Teams,3942,258.981861,172.30.1.250,172.30.1.1,UDP,192
Teams,3943,259.000860,172.30.1.250,172.30.1.1,UDP,192
Teams,3944,259.019768,172.30.1.250,172.30.1.1,UDP,188
Teams,3945,259.058070,172.30.1.250,172.30.1.1,UDP,168
Teams,3946,259.059778,172.30.1.250,172.30.1.1,UDP,164
Teams,3947,259.079225,172.30.1.250,172.30.1.1,UDP,164
Teams,3948,259.118950,172.30.1.250,172.30.1.1,UDP,172
Teams,3949,259.122111,172.30.1.250,172.30.1.1,UDP,164
Teams,3950,259.141441,172.30.1.250,172.30.1.1,UDP,164
Teams,3951,259.156444,172.30.1.250,172.30.1.1,UDP,164
Teams,3952,259.159950,172.30.1.250,172.30.1.1,UDP,236
Teams,3953,259.181980,172.30.1.250,172.30.1.1,UDP,164
Teams,3954,259.200751,172.30.1.250,172.30.1.1,UDP,124
Teams,3955,259.721080,172.30.1.250,172.30.1.1,UDP,192
Teams,3956,259.776099,172.30.1.250,172.30.1.1,UDP,192
Teams,3957,259.776344,172.30.1.250,172.30.1.1,UDP,192
Teams,3958,259.883060,172.30.1.250,172.30.1.1,UDP,192
Teams,3959,260.768651,172.30.1.250,172.30.1.1,UDP,192
Teams,3960,260.824577,172.30.1.250,172.30.1.1,UDP,192
Teams,3961,260.825219,172.30.1.250,172.30.1.1,UDP,192
Teams,3962,260.932177,172.30.1.250,172.30.1.1,UDP,192
Teams,3963,261.063107,172.30.1.250,172.30.1.1,UDP,132
Teams,3964,261.063377,172.30.1.250,172.30.1.1,UDP,1308
Teams,3965,261.063498,172.30.1.250,172.30.1.1,UDP,1308
Teams,3966,261.312879,172.30.1.250,172.30.1.1,UDP,200
Teams,3967,261.356897,172.30.1.250,172.30.1.1,UDP,208
Teams,3968,261.357109,172.30.1.250,172.30.1.1,UDP,188
Teams,3969,261.376104,172.30.1.250,172.30.1.1,UDP,200
Teams,3970,261.408056,172.30.1.250,172.30.1.1,UDP,200
Teams,3971,261.412406,172.30.1.250,172.30.1.1,UDP,196
Teams,3972,261.432777,172.30.1.250,172.30.1.1,UDP,176
Teams,3973,261.463253,172.30.1.250,172.30.1.1,UDP,172
Teams,3974,261.474692,172.30.1.250,172.30.1.1,UDP,180
Teams,3975,261.495494,172.30.1.250,172.30.1.1,UDP,168
Teams,3976,261.521399,172.30.1.250,172.30.1.1,UDP,160
Teams,3977,261.536408,172.30.1.250,172.30.1.1,UDP,164
Teams,3978,261.551775,172.30.1.250,172.30.1.1,UDP,160
Teams,3979,261.572266,172.30.1.250,172.30.1.1,UDP,164
Teams,3980,261.618854,172.30.1.250,172.30.1.1,UDP,156
Teams,3981,261.619497,172.30.1.250,172.30.1.1,UDP,156
Teams,3982,261.632961,172.30.1.250,172.30.1.1,UDP,156
Teams,3983,261.669186,172.30.1.250,172.30.1.1,UDP,156
Teams,3984,261.673557,172.30.1.250,172.30.1.1,UDP,152
Teams,3985,261.695847,172.30.1.250,172.30.1.1,UDP,152
Teams,3986,261.727931,172.30.1.250,172.30.1.1,UDP,152
Teams,3987,261.736642,172.30.1.250,172.30.1.1,UDP,152
Teams,3988,261.752281,172.30.1.250,172.30.1.1,UDP,152
Teams,3989,261.773903,172.30.1.250,172.30.1.1,UDP,148
Teams,3990,261.794024,172.30.1.250,172.30.1.1,UDP,156
Teams,3991,261.797393,172.30.1.250,172.30.1.1,UDP,192
Teams,3992,261.814561,172.30.1.250,172.30.1.1,UDP,148
Teams,3993,261.836856,172.30.1.250,172.30.1.1,UDP,156
Teams,3994,261.852588,172.30.1.250,172.30.1.1,UDP,192
Teams,3995,261.852806,172.30.1.250,172.30.1.1,UDP,192
Teams,3996,261.856106,172.30.1.250,172.30.1.1,UDP,184
Teams,3997,261.877575,172.30.1.250,172.30.1.1,UDP,124
Teams,3998,261.963195,172.30.1.250,172.30.1.1,UDP,192
Teams,3999,261.986604,172.30.1.1,172.30.1.250,TLSv1.2,132
Teams,4000,261.987018,172.30.1.250,172.30.1.1,TCP,88
Teams,4001,262.024557,172.30.1.250,172.30.1.1,TLSv1.2,128
Teams,4002,262.025081,172.30.1.1,172.30.1.250,TCP,88
Teams,4003,262.252102,172.30.1.250,172.30.1.1,UDP,236
Teams,4004,262.274245,172.30.1.250,172.30.1.1,UDP,180
Teams,4005,262.312239,172.30.1.1,172.30.1.250,TLSv1.2,132
Teams,4006,262.312517,172.30.1.250,172.30.1.1,TCP,88
Teams,4007,262.360045,172.30.1.250,172.30.1.1,TLSv1.2,128
Teams,4008,262.362501,172.30.1.1,172.30.1.250,TCP,88
Teams,4009,262.634456,172.30.1.250,172.30.1.1,UDP,180
Teams,4010,262.790985,172.30.1.250,172.30.1.1,UDP,168
Teams,4011,262.849080,172.30.1.250,172.30.1.1,UDP,192
Teams,4012,262.907464,172.30.1.250,172.30.1.1,UDP,192
Teams,4013,262.976665,172.30.1.250,172.30.1.1,TLSv1.2,884
Teams,4014,262.977665,172.30.1.1,172.30.1.250,TCP,88
Teams,4015,262.984499,172.30.1.1,172.30.1.250,TLSv1.2,852
Teams,4016,262.984673,172.30.1.250,172.30.1.1,TCP,88
Teams,4017,262.984791,172.30.1.1,172.30.1.250,TLSv1.2,120
Teams,4018,262.984812,172.30.1.250,172.30.1.1,TCP,88
Teams,4019,263.017662,172.30.1.250,172.30.1.1,UDP,192
Teams,4020,263.119970,172.30.1.250,172.30.1.1,UDP,200
Teams,4021,263.139879,172.30.1.250,172.30.1.1,UDP,216
Teams,4022,263.147374,172.30.1.250,172.30.1.1,UDP,180
Teams,4023,263.155716,172.30.1.250,172.30.1.1,UDP,204
Teams,4024,263.180222,172.30.1.250,172.30.1.1,UDP,204
Teams,4025,263.195808,172.30.1.250,172.30.1.1,UDP,176
Teams,4026,263.216961,172.30.1.250,172.30.1.1,UDP,164
Teams,4027,263.237683,172.30.1.250,172.30.1.1,UDP,160
Teams,4028,263.280982,172.30.1.250,172.30.1.1,UDP,168
Teams,4029,263.282012,172.30.1.250,172.30.1.1,UDP,176
Teams,4030,263.297087,172.30.1.250,172.30.1.1,UDP,168
Teams,4031,263.316711,172.30.1.250,172.30.1.1,TLSv1.2,884
Teams,4032,263.317118,172.30.1.1,172.30.1.250,TCP,88
Teams,4033,263.323292,172.30.1.1,172.30.1.250,TLSv1.2,852
Teams,4034,263.323618,172.30.1.250,172.30.1.1,TCP,88
Teams,4035,263.323816,172.30.1.1,172.30.1.250,TLSv1.2,120
Teams,4036,263.323881,172.30.1.250,172.30.1.1,TCP,88
Teams,4037,263.330944,172.30.1.250,172.30.1.1,UDP,168
Teams,4038,263.333047,172.30.1.250,172.30.1.1,UDP,176
Teams,4039,263.357991,172.30.1.250,172.30.1.1,UDP,156
Teams,4040,263.372112,172.30.1.250,172.30.1.1,UDP,152
Teams,4041,263.394568,172.30.1.250,172.30.1.1,UDP,148
Teams,4042,263.413845,172.30.1.250,172.30.1.1,UDP,148
Teams,4043,263.431817,172.30.1.250,172.30.1.1,UDP,152
Teams,4044,263.454075,172.30.1.250,172.30.1.1,UDP,152
Teams,4045,263.473175,172.30.1.250,172.30.1.1,UDP,148
Teams,4046,263.493779,172.30.1.250,172.30.1.1,UDP,144
Teams,4047,263.537464,172.30.1.250,172.30.1.1,UDP,144
Teams,4048,263.537694,172.30.1.250,172.30.1.1,UDP,144
Teams,4049,263.551825,172.30.1.250,172.30.1.1,UDP,144
Teams,4050,263.593898,172.30.1.250,172.30.1.1,UDP,156
Teams,4051,263.596262,172.30.1.250,172.30.1.1,UDP,184
Teams,4052,263.616330,172.30.1.250,172.30.1.1,UDP,124
Teams,4053,263.733758,172.30.1.250,172.30.1.1,UDP,168
Teams,4054,263.815650,172.30.1.250,172.30.1.1,UDP,200
Teams,4055,263.847811,172.30.1.250,172.30.1.1,UDP,168
Teams,4056,263.848509,172.30.1.250,172.30.1.1,UDP,192
Teams,4057,263.861196,172.30.1.250,172.30.1.1,UDP,228
Teams,4058,263.867222,172.30.1.250,172.30.1.1,UDP,224
Teams,4059,263.878112,172.30.1.250,172.30.1.1,UDP,220
Teams,4060,263.916311,172.30.1.250,172.30.1.1,UDP,216
Teams,4061,263.921773,172.30.1.250,172.30.1.1,UDP,224
Teams,4062,263.938831,172.30.1.250,172.30.1.1,UDP,220
Teams,4063,263.953460,172.30.1.250,172.30.1.1,UDP,220
Teams,4064,263.962958,172.30.1.250,172.30.1.1,UDP,168
Teams,4065,263.981561,172.30.1.250,172.30.1.1,UDP,216
Teams,4066,263.995512,172.30.1.250,172.30.1.1,UDP,212
Teams,4067,264.022286,172.30.1.250,172.30.1.1,UDP,212
Teams,4068,264.037177,172.30.1.250,172.30.1.1,UDP,220
Teams,4069,264.055607,172.30.1.250,172.30.1.1,UDP,212
Teams,4070,264.066802,172.30.1.250,172.30.1.1,UDP,132
Teams,4071,264.067006,172.30.1.250,172.30.1.1,UDP,1308
Teams,4072,264.067134,172.30.1.250,172.30.1.1,UDP,1308
Teams,4073,264.077610,172.30.1.250,172.30.1.1,UDP,196
Teams,4074,264.098260,172.30.1.250,172.30.1.1,UDP,200
Teams,4075,264.114111,172.30.1.250,172.30.1.1,UDP,176
Teams,4076,264.135872,172.30.1.250,172.30.1.1,UDP,176
Teams,4077,264.179278,172.30.1.250,172.30.1.1,UDP,168
Teams,4078,264.179527,172.30.1.250,172.30.1.1,UDP,168
Teams,4079,264.194773,172.30.1.250,172.30.1.1,UDP,168
Teams,4080,264.232087,172.30.1.250,172.30.1.1,UDP,160
Teams,4081,264.236614,172.30.1.250,172.30.1.1,UDP,152
Teams,4082,264.254138,172.30.1.250,172.30.1.1,UDP,156
Teams,4083,264.288379,172.30.1.250,172.30.1.1,UDP,160
Teams,4084,264.292382,172.30.1.250,172.30.1.1,UDP,148
Teams,4085,264.321117,172.30.1.250,172.30.1.1,UDP,148
Teams,4086,264.346646,172.30.1.250,172.30.1.1,UDP,148
Teams,4087,264.358448,172.30.1.250,172.30.1.1,UDP,152
Teams,4088,264.373701,172.30.1.250,172.30.1.1,UDP,144
Teams,4089,264.393341,172.30.1.250,172.30.1.1,UDP,152
Teams,4090,264.416046,172.30.1.250,172.30.1.1,UDP,148
Teams,4091,264.439263,172.30.1.250,172.30.1.1,UDP,156
Teams,4092,264.454083,172.30.1.250,172.30.1.1,UDP,144
Teams,4093,264.499975,172.30.1.250,172.30.1.1,UDP,152
Teams,4094,264.501525,172.30.1.250,172.30.1.1,UDP,148
Teams,4095,264.517940,172.30.1.250,172.30.1.1,UDP,148
Teams,4096,264.535865,172.30.1.250,172.30.1.1,UDP,148
Teams,4097,264.553195,172.30.1.250,172.30.1.1,UDP,152
Teams,4098,264.573745,172.30.1.250,172.30.1.1,UDP,144
Teams,4099,264.604848,172.30.1.250,172.30.1.1,UDP,156
Teams,4100,264.620184,172.30.1.250,172.30.1.1,UDP,148
Teams,4101,264.638902,172.30.1.250,172.30.1.1,UDP,144
Teams,4102,264.669720,172.30.1.250,172.30.1.1,UDP,124
Teams,4103,264.800065,172.30.1.250,172.30.1.1,UDP,192
Teams,4104,264.911863,172.30.1.250,172.30.1.1,UDP,192
Teams,4105,264.913118,172.30.1.250,172.30.1.1,UDP,192
Teams,4106,265.017881,172.30.1.250,172.30.1.1,UDP,192
Teams,4107,265.260275,172.30.1.250,172.30.1.1,UDP,180
Teams,4108,265.726899,172.30.1.250,172.30.1.1,TLSv1.2,1288
Teams,4109,265.727611,172.30.1.1,172.30.1.250,TCP,88
Teams,4110,265.756690,172.30.1.1,172.30.1.250,TLSv1.2,336
Teams,4111,265.756956,172.30.1.250,172.30.1.1,TCP,88
Teams,4112,265.840253,172.30.1.250,172.30.1.1,UDP,192
Teams,4113,265.955961,172.30.1.250,172.30.1.1,UDP,192
Teams,4114,265.957497,172.30.1.250,172.30.1.1,UDP,192
Teams,4115,265.980126,172.30.1.250,172.30.1.1,UDP,196
Teams,4116,266.006463,172.30.1.250,172.30.1.1,UDP,224
Teams,4117,266.020480,172.30.1.250,172.30.1.1,UDP,212
Teams,4118,266.038832,172.30.1.250,172.30.1.1,UDP,204
Teams,4119,266.057457,172.30.1.250,172.30.1.1,UDP,232
Teams,4120,266.065784,172.30.1.250,172.30.1.1,UDP,192
Teams,4121,266.072485,172.30.1.250,172.30.1.1,UDP,224
Teams,4122,266.093054,172.30.1.250,172.30.1.1,UDP,220
Teams,4123,266.120722,172.30.1.250,172.30.1.1,UDP,220
Teams,4124,266.155463,172.30.1.250,172.30.1.1,UDP,228
Teams,4125,266.155665,172.30.1.250,172.30.1.1,UDP,220
Teams,4126,266.176587,172.30.1.250,172.30.1.1,UDP,224
Teams,4127,266.210581,172.30.1.250,172.30.1.1,UDP,208
Teams,4128,266.213933,172.30.1.250,172.30.1.1,UDP,208
Teams,4129,266.244462,172.30.1.250,172.30.1.1,UDP,204
Teams,4130,266.256736,172.30.1.250,172.30.1.1,UDP,208
Teams,4131,266.278265,172.30.1.250,172.30.1.1,UDP,208
Teams,4132,266.297769,172.30.1.250,172.30.1.1,UDP,208
Teams,4133,266.319971,172.30.1.250,172.30.1.1,UDP,212
Teams,4134,266.336737,172.30.1.250,172.30.1.1,UDP,204
Teams,4135,266.358914,172.30.1.250,172.30.1.1,UDP,204
Teams,4136,266.375833,172.30.1.250,172.30.1.1,UDP,208
Teams,4137,266.419666,172.30.1.250,172.30.1.1,UDP,204
Teams,4138,266.423427,172.30.1.250,172.30.1.1,UDP,212
Teams,4139,266.433377,172.30.1.250,172.30.1.1,UDP,208
Teams,4140,266.471562,172.30.1.250,172.30.1.1,UDP,208
Teams,4141,266.471762,172.30.1.250,172.30.1.1,UDP,212
